,EEG.AF3,EEG.F7,EEG.F3,EEG.FC5,EEG.T7,EEG.P7,EEG.O1,EEG.O2,EEG.P8,EEG.T8,EEG.FC6,EEG.F4,EEG.F8,EEG.AF4
0,128.46142599999985,102.30761700000039,150.6411130000006,124.35888699999941,137.05126999999993,107.05126999999993,94.48730499999965,125.51269500000035,127.43603499999972,136.15380900000036,129.10253900000043,107.94873000000007,87.17968800000017,87.82031300000017
1,140.51269500000035,106.9228520000006,157.82031300000017,127.56396500000028,146.79492200000004,119.23095699999976,103.84619099999964,138.84619099999964,144.87158199999976,164.7436520000001,145.0,111.41015599999992,98.84619099999964,102.30761700000039
2,147.05126999999993,102.82031300000017,159.3588869999994,132.94873000000007,141.53857400000015,125.25634799999989,110.64111300000059,145.2563479999999,154.10253900000043,180.0,157.17968800000017,114.10253900000043,108.0771479999994,108.58984400000008
3,138.0771479999994,89.35888699999941,150.0,132.3076170000004,111.41015599999992,119.74365200000011,106.9228520000006,135.76904300000024,143.7177729999994,165.6411130000006,152.94873000000007,112.30761700000039,105.51269500000035,97.69238299999961
4,115.76904300000024,72.43603499999972,132.3076170000004,121.6665039999998,69.48730499999965,106.2822270000006,93.0771479999994,113.58984400000008,117.43603499999972,126.15380900000036,130.89746099999957,105.76904300000024,90.12841800000024,72.69238299999961
5,94.48730499999965,61.666503999999804,117.17968800000017,105.76904300000024,48.46142599999985,96.41015599999992,78.46142599999985,93.7177729999994,93.84619099999964,87.56396500000028,104.10253900000043,97.82031300000017,71.53857400000015,49.102539000000434
6,91.41015599999992,64.35888699999941,115.76904300000024,96.15380900000036,74.74365200000011,100.25634799999989,75.0,92.43603499999972,93.0771479999994,79.87158199999976,92.30761700000039,93.7177729999994,63.846190999999635,44.35888699999941
7,110.64111300000059,80.0,129.48730499999965,101.79492200000004,139.61523400000078,116.0258789999998,85.76904300000024,112.56396500000028,118.3334960000002,112.94873000000007,105.64111300000059,96.15380900000036,73.58984400000008,62.69238299999961
8,137.56396500000028,98.7177729999994,146.79492200000004,118.9741210000002,197.82031300000017,129.61523400000078,101.53857400000015,137.6923829999996,150.51269500000035,163.7177729999994,134.23095699999976,102.17968800000017,93.84619099999964,89.10253900000043
9,150.51269500000035,108.0771479999994,152.56396500000028,133.84619099999964,203.7177729999994,128.0771479999994,108.9741210000002,146.15380900000036,162.56396500000028,193.0771479999994,155.51269500000035,106.2822270000006,109.61523400000078,101.6665039999998
10,140.38476599999922,103.0771479999994,142.56396500000028,135.0,152.43603499999972,111.15380900000036,102.30761700000039,131.15380900000036,144.23095699999976,178.3334960000002,153.84619099999964,105.51269500000035,110.51269500000035,91.53857400000015
11,118.58984400000008,91.53857400000015,126.41015599999992,124.74365200000011,85.76904300000024,91.41015599999992,88.84619099999964,107.05126999999993,111.6665039999998,133.0771479999994,132.94873000000007,101.9228520000006,96.79492200000004,69.87158199999976
12,104.10253900000043,87.05126999999993,117.82031300000017,116.53857400000015,55.76904300000024,83.0771479999994,80.76904300000024,94.87158199999976,91.6665039999998,95.12841800000024,109.74365200000011,99.87158199999976,75.51269500000035,55.76904300000024
13,105.64111300000059,95.89746099999957,122.17968800000017,121.0258789999998,79.23095699999976,90.0,84.23095699999976,102.56396500000028,97.82031300000017,93.9741210000002,98.9741210000002,101.53857400000015,55.51269500000035,57.30761700000039
14,116.53857400000015,110.38476599999922,132.3076170000004,135.12841800000024,125.25634799999989,103.84619099999964,94.61523400000078,118.7177729999994,119.48730499999965,128.0771479999994,104.10253900000043,104.87158199999976,45.0,67.69238299999961
15,123.58984400000008,116.6665039999998,137.82031300000017,146.0258789999998,146.15380900000036,112.82031300000017,102.43603499999972,125.64111300000059,134.87158199999976,170.0,118.7177729999994,106.6665039999998,50.12841800000024,74.48730499999965
16,121.41015599999992,109.10253900000043,134.10253900000043,143.7177729999994,121.79492200000004,111.2822270000006,101.6665039999998,117.30761700000039,131.79492200000004,190.38476599999922,133.46142599999985,105.64111300000059,71.15380900000036,72.69238299999961
17,115.0,94.87158199999976,125.76904300000024,130.6411130000006,75.89746099999957,103.3334960000002,93.7177729999994,102.43603499999972,116.6665039999998,177.82031300000017,141.15380900000036,103.20507799999996,97.05126999999993,67.43603499999972
18,112.82031300000017,85.38476599999922,120.76904300000024,117.43603499999972,51.53857400000015,97.43603499999972,85.25634799999989,95.51269500000035,105.89746099999957,143.0771479999994,138.46142599999985,101.53857400000015,110.12841800000024,66.2822270000006
19,119.74365200000011,86.6665039999998,124.23095699999976,113.0771479999994,75.0,100.64111300000059,83.58984400000008,104.61523400000078,111.6665039999998,111.2822270000006,127.82031300000017,101.9228520000006,98.20507799999996,73.0771479999994
20,135.76904300000024,98.20507799999996,135.51269500000035,119.61523400000078,139.87158199999976,114.10253900000043,93.3334960000002,128.46142599999985,135.51269500000035,106.53857400000015,117.82031300000017,105.38476599999922,67.56396500000028,87.17968800000017
21,156.2822270000006,116.79492200000004,150.38476599999922,133.0771479999994,216.6665039999998,132.6923829999996,113.3334960000002,158.84619099999964,169.10253900000043,137.3076170000004,118.3334960000002,111.41015599999992,40.64111300000059,105.38476599999922
22,174.3588869999994,137.43603499999972,162.3076170000004,146.6665039999998,270.76904300000024,147.05126999999993,135.76904300000024,184.7436520000001,198.9741210000002,188.0771479999994,131.2822270000006,117.82031300000017,37.94873000000007,121.53857400000015
23,180.89746099999957,152.82031300000017,164.48730499999965,152.94873000000007,277.17968800000017,148.0771479999994,148.7177729999994,194.7436520000001,211.9228520000006,227.82031300000017,147.56396500000028,121.15380900000036,61.2822270000006,127.82031300000017
24,169.3588869999994,155.6411130000006,153.84619099999964,146.0258789999998,230.76904300000024,132.94873000000007,144.10253900000043,182.82031300000017,201.2822270000006,231.15380900000036,152.43603499999972,118.46142599999985,90.89746099999957,117.69238299999961
25,141.15380900000036,144.87158199999976,133.20507799999996,125.25634799999989,150.6411130000006,108.3334960000002,123.20507799999996,152.82031300000017,170.38476599999922,196.6665039999998,136.53857400000015,110.51269500000035,100.51269500000035,91.53857400000015
26,107.69238299999961,129.7436520000001,111.53857400000015,96.0258789999998,75.38476599999922,87.43603499999972,96.53857400000015,118.46142599999985,133.20507799999996,146.79492200000004,105.0,100.76904300000024,79.35888699999941,59.102539000000434
27,86.53857400000015,126.9228520000006,100.0,67.82031300000017,46.410155999999915,81.6665039999998,78.0771479999994,97.17968800000017,108.7177729999994,111.53857400000015,76.15380900000036,94.10253900000043,43.7177729999994,36.153809000000365
28,91.0258789999998,149.10253900000043,106.2822270000006,50.38476599999922,86.0258789999998,94.35888699999941,77.30761700000039,101.53857400000015,110.64111300000059,109.87158199999976,69.87158199999976,93.46142599999985,25.51269500000035,36.025878999999804
29,119.74365200000011,195.12841800000024,128.20507799999996,49.61523400000078,177.05126999999993,117.82031300000017,93.7177729999994,129.48730499999965,138.0771479999994,139.3588869999994,91.79492200000004,98.46142599999985,45.25634799999989,60.12841800000024
30,153.3334960000002,246.41015599999992,152.6923829999996,61.53857400000015,263.46142599999985,136.6665039999998,114.87158199999976,162.43603499999972,171.41015599999992,178.58984400000008,125.0,105.0,91.41015599999992,92.05126999999993
31,166.2822270000006,278.84619099999964,162.82031300000017,72.30761700000039,284.7436520000001,137.6923829999996,125.0,175.6411130000006,185.2563479999999,201.41015599999992,140.6411130000006,107.30761700000039,127.43603499999972,107.43603499999972
32,148.0771479999994,282.3076170000004,152.56396500000028,67.56396500000028,225.12841800000024,120.64111300000059,116.9228520000006,158.7177729999994,168.9741210000002,195.0,123.3334960000002,103.46142599999985,126.15380900000036,93.9741210000002
33,114.48730499999965,272.4360349999997,132.94873000000007,46.53857400000015,133.0771479999994,99.74365200000011,99.10253900000043,127.69238299999961,138.3334960000002,170.51269500000035,87.56396500000028,97.56396500000028,95.64111300000059,65.38476599999922
34,94.87158199999976,278.46142599999985,123.3334960000002,23.717772999999397,82.69238299999961,90.89746099999957,88.0771479999994,110.64111300000059,121.41015599999992,151.2822270000006,64.61523400000078,96.0258789999998,71.2822270000006,49.48730499999965
35,104.87158199999976,317.3076170000004,133.46142599999985,16.153809000000365,107.69238299999961,98.3334960000002,92.30761700000039,121.2822270000006,131.79492200000004,150.6411130000006,71.9228520000006,99.87158199999976,80.89746099999957,61.666503999999804
36,133.58984400000008,376.0258789999998,155.76904300000024,27.43603499999972,175.38476599999922,111.79492200000004,106.41015599999992,147.43603499999972,157.05126999999993,161.41015599999992,98.9741210000002,105.25634799999989,121.53857400000015,91.0258789999998
37,156.79492200000004,422.6923829999996,173.3334960000002,45.64111300000059,224.10253900000043,118.0771479999994,117.69238299999961,165.12841800000024,173.3334960000002,167.43603499999972,120.89746099999957,107.56396500000028,168.3334960000002,113.58984400000008
38,160.38476599999922,435.12841800000024,176.15380900000036,54.61523400000078,222.94873000000007,112.82031300000017,118.9741210000002,162.43603499999972,168.84619099999964,163.84619099999964,122.82031300000017,106.53857400000015,199.48730499999965,115.89746099999957
39,149.61523400000078,422.82031300000017,167.43603499999972,48.0771479999994,193.20507799999996,103.0771479999994,113.0771479999994,147.56396500000028,152.6923829999996,160.76904300000024,109.48730499999965,106.15380900000036,210.51269500000035,105.12841800000024
40,139.87158199999976,421.6665039999998,158.20507799999996,32.69238299999961,179.10253900000043,99.48730499999965,108.3334960000002,138.0771479999994,143.7177729999994,169.23095699999976,95.51269500000035,108.9741210000002,211.53857400000015,98.20507799999996
41,140.38476599999922,462.05126999999993,156.41015599999992,20.897460999999566,202.05126999999993,105.89746099999957,108.84619099999964,143.3334960000002,150.6411130000006,186.2822270000006,89.61523400000078,113.7177729999994,214.3588869999994,104.10253900000043
42,146.41015599999992,540.1284180000002,161.15380900000036,18.205077999999958,242.05126999999993,116.6665039999998,112.05126999999993,155.51269500000035,164.48730499999965,196.53857400000015,88.3334960000002,115.64111300000059,223.7177729999994,116.53857400000015
43,146.0258789999998,618.4614259999998,165.89746099999957,19.74365200000011,257.6923829999996,122.30761700000039,112.30761700000039,159.10253900000043,168.20507799999996,187.94873000000007,82.82031300000017,111.53857400000015,235.89746099999957,121.9228520000006
44,133.84619099999964,656.6665039999998,165.6411130000006,16.922852000000603,226.9228520000006,118.3334960000002,107.17968800000017,147.05126999999993,153.9741210000002,165.89746099999957,69.23095699999976,102.94873000000007,245.0,113.7177729999994
45,117.43603499999972,645.5126950000003,162.6923829999996,7.692382999999609,171.53857400000015,109.48730499999965,100.25634799999989,128.20507799999996,132.56396500000028,149.23095699999976,54.48730499999965,95.64111300000059,250.89746099999957,99.74365200000011
46,112.17968800000017,615.7690430000002,165.0,-1.2822270000006029,142.17968800000017,104.23095699999976,98.46142599999985,121.0258789999998,123.9741210000002,151.9228520000006,51.410155999999915,95.76904300000024,260.6411130000006,96.79492200000004
47,127.43603499999972,611.9228520000006,177.6923829999996,-0.512695000000349,173.20507799999996,106.9228520000006,105.12841800000024,136.0258789999998,138.84619099999964,171.0258789999998,65.76904300000024,104.23095699999976,281.4101559999999,115.0
48,155.2563479999999,655.2563479999999,197.05126999999993,13.205077999999958,248.0771479999994,114.10253900000043,116.9228520000006,165.38476599999922,167.43603499999972,189.10253900000043,88.84619099999964,116.0258789999998,309.6152340000008,147.05126999999993
49,175.51269500000035,726.0258789999998,211.79492200000004,32.82031300000017,309.10253900000043,118.3334960000002,125.38476599999922,187.6923829999996,186.6665039999998,190.38476599999922,101.6665039999998,123.20507799999996,331.15380900000036,171.79492200000004
50,171.53857400000015,781.6665039999998,212.82031300000017,45.38476599999922,307.3076170000004,115.0,123.84619099999964,185.6411130000006,180.76904300000024,174.7436520000001,91.41015599999992,120.51269500000035,333.3334960000002,170.89746099999957
51,144.7436520000001,791.4101559999999,201.0258789999998,40.897460999999566,246.79492200000004,106.15380900000036,113.7177729999994,160.0,153.9741210000002,156.0258789999998,63.20507799999996,110.0,318.46142599999985,144.7436520000001
52,112.56396500000028,760.1284180000002,186.6665039999998,20.51269500000035,179.61523400000078,97.69238299999961,102.82031300000017,128.9741210000002,126.15380900000036,149.48730499999965,35.897460999999566,98.7177729999994,303.20507799999996,111.2822270000006
53,94.61523400000078,721.2822270000006,180.89746099999957,-4.102538999999979,157.82031300000017,93.84619099999964,99.23095699999976,112.94873000000007,115.51269500000035,159.10253900000043,25.897460999999566,93.7177729999994,303.84619099999964,91.53857400000015
54,98.58984400000008,708.7177729999994,187.17968800000017,-18.846190999999635,190.76904300000024,95.12841800000024,104.61523400000078,119.87158199999976,125.25634799999989,175.51269500000035,35.0,95.64111300000059,323.5898440000001,95.12841800000024
55,117.43603499999972,731.9228520000006,201.0258789999998,-18.205077999999958,244.48730499999965,100.0,113.9741210000002,141.2822270000006,144.87158199999976,184.87158199999976,52.17968800000017,100.64111300000059,350.6411130000006,115.76904300000024
56,137.05126999999993,771.5385740000002,213.7177729999994,-8.205077999999958,275.89746099999957,105.38476599999922,121.15380900000036,162.17968800000017,160.51269500000035,180.51269500000035,64.48730499999965,104.10253900000043,369.48730499999965,139.10253900000043
57,146.15380900000036,797.1796880000002,219.3588869999994,-0.769043000000238,268.46142599999985,109.23095699999976,122.82031300000017,171.6665039999998,164.61523400000078,168.20507799999996,65.51269500000035,104.35888699999941,371.79492200000004,152.6923829999996
58,142.3076170000004,791.794922,217.43603499999972,-2.9487300000000687,239.48730499999965,110.89746099999957,120.12841800000024,168.58984400000008,158.46142599999985,161.53857400000015,56.9228520000006,103.0771479999994,362.3076170000004,151.79492200000004
59,132.17968800000017,765.0,212.56396500000028,-12.692382999999609,220.12841800000024,110.89746099999957,116.2822270000006,160.38476599999922,149.23095699999976,169.61523400000078,45.897460999999566,102.56396500000028,354.23095699999976,141.41015599999992
60,124.61523400000078,744.4873049999997,209.61523400000078,-21.923095999999987,226.79492200000004,109.35888699999941,114.48730499999965,155.0,143.84619099999964,187.3076170000004,41.153809000000365,104.61523400000078,359.3588869999994,131.41015599999992
61,124.23095699999976,750.5126950000003,209.7436520000001,-24.10253899999998,249.48730499999965,106.2822270000006,115.25634799999989,155.2563479999999,143.84619099999964,198.84619099999964,46.153809000000365,108.58984400000008,378.0771479999994,129.48730499999965
62,128.9741210000002,778.4614259999998,210.2563479999999,-17.69238299999961,263.5898440000001,101.6665039999998,116.41015599999992,157.17968800000017,145.6411130000006,191.15380900000036,55.64111300000059,111.2822270000006,397.6923829999996,135.12841800000024
63,133.0771479999994,805.0,208.7177729999994,-5.897461000000021,254.48730499999965,98.58984400000008,116.41015599999992,155.76904300000024,145.0,167.17968800000017,60.0,110.76904300000024,404.10253900000043,142.82031300000017
64,134.61523400000078,809.8715819999998,206.79492200000004,6.666503999999804,232.3076170000004,100.76904300000024,115.76904300000024,151.41015599999992,143.0771479999994,145.12841800000024,53.974121000000196,108.58984400000008,396.0258789999998,148.0771479999994
65,135.6411130000006,792.8203130000002,207.56396500000028,16.153809000000365,222.05126999999993,108.3334960000002,116.41015599999992,149.48730499999965,144.48730499999965,143.58984400000008,40.38476599999922,108.7177729999994,385.76904300000024,150.76904300000024
66,137.82031300000017,769.7436520000001,210.89746099999957,18.589844000000085,238.3334960000002,116.2822270000006,118.58984400000008,152.6923829999996,151.0258789999998,164.87158199999976,26.538574000000153,112.17968800000017,386.15380900000036,152.6923829999996
67,139.23095699999976,756.9228520000006,212.82031300000017,11.794922000000042,270.12841800000024,117.82031300000017,120.0,157.6923829999996,157.82031300000017,192.6923829999996,16.410155999999915,116.2822270000006,397.82031300000017,153.84619099999964
68,137.6923829999996,758.3334960000002,210.0,-1.9228520000006029,291.2822270000006,111.2822270000006,118.84619099999964,158.58984400000008,158.7177729999994,207.43603499999972,10.769043000000238,117.17968800000017,410.6411130000006,154.10253900000043
69,133.58984400000008,767.0512699999999,204.48730499999965,-16.025634999999966,287.4360349999997,102.43603499999972,116.0258789999998,154.23095699999976,153.46142599999985,202.3076170000004,9.102539000000434,114.35888699999941,414.7436520000001,156.0258789999998
70,130.12841800000024,772.3076170000004,201.0258789999998,-24.230713000000378,268.46142599999985,98.84619099999964,114.10253900000043,148.20507799999996,147.17968800000017,185.12841800000024,9.743652000000111,110.51269500000035,408.46142599999985,161.79492200000004
71,128.46142599999985,766.794922,201.2822270000006,-25.1281740000004,253.58984400000008,103.20507799999996,113.84619099999964,144.7436520000001,144.10253900000043,167.94873000000007,9.615234000000783,107.94873000000007,397.4360349999997,169.61523400000078
72,127.82031300000017,751.1538090000004,203.7177729999994,-21.025634999999966,251.9228520000006,111.41015599999992,113.9741210000002,145.12841800000024,144.3588869999994,157.82031300000017,6.666503999999804,107.43603499999972,390.89746099999957,175.6411130000006
73,127.05126999999993,733.8461909999996,205.89746099999957,-14.358886999999868,257.3076170000004,117.05126999999993,113.20507799999996,148.46142599999985,146.9228520000006,156.6665039999998,3.717772999999397,108.0771479999994,395.0,178.58984400000008
74,125.76904300000024,724.1025390000004,206.6665039999998,-6.538574000000153,259.6152340000008,116.41015599999992,111.6665039999998,152.17968800000017,150.0,162.56396500000028,5.0,108.3334960000002,407.94873000000007,180.12841800000024
75,122.82031300000017,724.2309569999998,205.12841800000024,0.256347999999889,254.61523400000078,109.61523400000078,109.35888699999941,152.82031300000017,150.6411130000006,168.84619099999964,10.0,106.6665039999998,419.23095699999976,180.2563479999999
76,117.17968800000017,727.5639650000003,201.41015599999992,3.717772999999397,245.6411130000006,100.38476599999922,106.79492200000004,148.46142599999985,146.41015599999992,169.61523400000078,14.102539000000434,103.46142599999985,418.20507799999996,177.17968800000017
77,111.2822270000006,727.0512699999999,197.56396500000028,4.871581999999762,239.3588869999994,94.87158199999976,106.0258789999998,142.17968800000017,140.0,165.76904300000024,14.743652000000111,101.2822270000006,405.76904300000024,171.15380900000036
78,110.0,722.6923829999996,196.6665039999998,8.974121000000196,239.61523400000078,97.82031300000017,109.35888699999941,141.15380900000036,138.3334960000002,165.38476599999922,15.384765999999217,102.17968800000017,394.10253900000043,167.05126999999993
79,116.6665039999998,720.3847659999992,199.23095699999976,20.0,245.2563479999999,108.20507799999996,116.9228520000006,149.23095699999976,146.0258789999998,173.84619099999964,21.538574000000153,106.0258789999998,394.48730499999965,169.48730499999965
80,128.84619099999964,724.2309569999998,203.20507799999996,35.38476599999922,251.6665039999998,120.38476599999922,125.76904300000024,162.82031300000017,160.38476599999922,186.9228520000006,33.589844000000085,110.51269500000035,406.15380900000036,178.7177729999994
81,140.89746099999957,731.9228520000006,206.41015599999992,48.333496000000196,258.84619099999964,128.46142599999985,131.41015599999992,174.7436520000001,174.7436520000001,196.41015599999992,46.2822270000006,114.10253900000043,419.23095699999976,189.7436520000001
82,148.20507799999996,737.8203130000002,207.94873000000007,53.20507799999996,271.79492200000004,130.6411130000006,131.9228520000006,179.87158199999976,183.46142599999985,198.46142599999985,53.0771479999994,116.9228520000006,425.12841800000024,197.17968800000017
83,148.46142599999985,737.6923829999996,207.3076170000004,49.48730499999965,292.05126999999993,128.7177729999994,128.20507799999996,177.43603499999972,184.61523400000078,195.12841800000024,50.897460999999566,118.9741210000002,421.6665039999998,197.3076170000004
84,141.53857400000015,731.1538090000004,202.6923829999996,41.410155999999915,308.9741210000002,124.23095699999976,122.43603499999972,169.23095699999976,178.20507799999996,190.38476599999922,41.153809000000365,119.23095699999976,412.05126999999993,189.61523400000078
85,129.61523400000078,720.5126950000003,193.9741210000002,35.12841800000024,306.15380900000036,118.58984400000008,116.9228520000006,158.58984400000008,166.2822270000006,185.38476599999922,27.94873000000007,116.41015599999992,400.76904300000024,176.2822270000006
86,117.30761700000039,710.6411130000006,184.3588869999994,35.64111300000059,279.3588869999994,114.23095699999976,113.3334960000002,149.10253900000043,152.82031300000017,180.12841800000024,16.922852000000603,111.15380900000036,391.79492200000004,162.3076170000004
87,110.25634799999989,706.9228520000006,179.10253900000043,43.0771479999994,244.7436520000001,113.9741210000002,112.43603499999972,143.9741210000002,142.17968800000017,174.48730499999965,12.948730000000069,105.76904300000024,387.94873000000007,153.7177729999994
88,111.9228520000006,712.9487300000001,181.0258789999998,52.82031300000017,227.43603499999972,118.9741210000002,113.7177729999994,144.10253900000043,137.43603499999972,168.84619099999964,18.205077999999958,103.3334960000002,389.6152340000008,153.7177729999994
89,120.89746099999957,726.1538090000004,187.3076170000004,59.35888699999941,239.7436520000001,127.43603499999972,115.76904300000024,147.56396500000028,138.9741210000002,164.10253900000043,30.384765999999217,104.87158199999976,393.7177729999994,160.76904300000024
90,131.6665039999998,738.4614259999998,192.43603499999972,60.12841800000024,271.6665039999998,134.48730499999965,117.30761700000039,151.0258789999998,144.23095699999976,161.9228520000006,43.846190999999635,109.23095699999976,396.0258789999998,168.58984400000008
91,138.0771479999994,741.1538090000004,192.56396500000028,57.05126999999993,299.87158199999976,136.79492200000004,117.94873000000007,152.17968800000017,149.3588869999994,164.3588869999994,54.102539000000434,113.46142599999985,393.9741210000002,171.41015599999992
92,136.79492200000004,731.9228520000006,187.6923829999996,54.87158199999976,305.76904300000024,134.3588869999994,117.94873000000007,150.6411130000006,151.6665039999998,171.79492200000004,59.87158199999976,115.0,388.46142599999985,167.6923829999996
93,128.7177729999994,716.0258789999998,180.51269500000035,56.9228520000006,288.7177729999994,130.2563479999999,117.43603499999972,146.6665039999998,150.0,180.89746099999957,63.20507799999996,112.94873000000007,381.6665039999998,159.48730499999965
94,118.20507799999996,701.794922,174.48730499999965,62.69238299999961,263.46142599999985,127.82031300000017,115.25634799999989,141.15380900000036,144.87158199999976,184.23095699999976,66.6665039999998,108.3334960000002,374.10253900000043,149.87158199999976
95,111.2822270000006,694.7436520000001,171.9228520000006,68.84619099999964,248.46142599999985,127.82031300000017,111.6665039999998,136.0258789999998,138.7177729999994,176.6665039999998,72.43603499999972,103.7177729999994,366.9228520000006,142.3076170000004
96,112.69238299999961,694.8715819999998,174.23095699999976,73.0771479999994,252.6923829999996,129.61523400000078,108.84619099999964,135.12841800000024,136.41015599999992,162.56396500000028,82.56396500000028,101.9228520000006,362.5639650000003,139.7436520000001
97,123.0771479999994,697.6923829999996,180.76904300000024,75.89746099999957,270.89746099999957,131.41015599999992,109.87158199999976,141.0258789999998,142.6923829999996,153.46142599999985,97.30761700000039,104.61523400000078,363.46142599999985,144.23095699999976
98,136.41015599999992,696.1538090000004,188.20507799999996,78.9741210000002,287.17968800000017,131.9228520000006,115.0,151.53857400000015,156.2822270000006,157.82031300000017,113.0771479999994,110.51269500000035,366.2822270000006,152.82031300000017
99,144.48730499999965,686.0258789999998,191.79492200000004,82.56396500000028,287.3076170000004,131.2822270000006,120.38476599999922,160.0,169.7436520000001,171.6665039999998,123.20507799999996,116.53857400000015,363.5898440000001,158.46142599999985
100,143.0771479999994,668.8461909999996,189.87158199999976,87.30761700000039,271.79492200000004,130.89746099999957,121.41015599999992,160.6411130000006,174.23095699999976,183.3334960000002,123.7177729999994,119.23095699999976,351.0258789999998,155.89746099999957
101,136.0258789999998,651.0258789999998,184.48730499999965,94.48730499999965,256.53857400000015,133.7177729999994,117.43603499999972,154.48730499999965,167.94873000000007,184.61523400000078,118.0771479999994,117.94873000000007,333.0771479999994,146.41015599999992
102,130.89746099999957,638.0771479999994,180.2563479999999,104.74365200000011,257.82031300000017,140.0,112.69238299999961,147.94873000000007,156.53857400000015,177.17968800000017,115.12841800000024,115.0,320.12841800000024,135.6411130000006
103,131.9228520000006,627.5639650000003,180.12841800000024,115.76904300000024,275.3847659999992,146.15380900000036,111.2822270000006,146.15380900000036,147.05126999999993,168.9741210000002,121.2822270000006,113.20507799999996,317.6923829999996,127.94873000000007
104,136.79492200000004,611.9228520000006,183.20507799999996,122.82031300000017,290.3847659999992,146.79492200000004,113.9741210000002,148.7177729999994,142.56396500000028,166.15380900000036,135.12841800000024,113.58984400000008,322.5639650000003,122.94873000000007
105,138.84619099999964,586.1538090000004,186.41015599999992,122.17968800000017,283.0771479999994,140.0,117.17968800000017,150.0,139.61523400000078,168.84619099999964,147.94873000000007,115.0,325.2563479999999,116.53857400000015
106,134.3588869999994,554.2309569999998,187.17968800000017,114.61523400000078,251.79492200000004,130.12841800000024,116.6665039999998,145.38476599999922,134.10253900000043,171.0258789999998,150.76904300000024,115.38476599999922,318.7177729999994,106.9228520000006
107,126.15380900000036,527.9487300000001,185.51269500000035,107.30761700000039,218.20507799999996,124.74365200000011,111.53857400000015,136.0258789999998,126.0258789999998,167.6923829999996,142.43603499999972,113.20507799999996,304.10253900000043,96.2822270000006
108,122.43603499999972,517.6923829999996,184.23095699999976,109.74365200000011,210.51269500000035,128.58984400000008,105.64111300000059,129.10253900000043,121.15380900000036,159.61523400000078,131.0258789999998,109.48730499999965,289.48730499999965,91.0258789999998
109,129.3588869999994,524.3588869999994,186.79492200000004,125.89746099999957,239.61523400000078,140.0,104.35888699999941,131.79492200000004,125.89746099999957,153.9741210000002,127.56396500000028,107.17968800000017,284.3588869999994,95.64111300000059
110,145.2563479999999,536.6665039999998,193.7177729999994,149.3588869999994,287.5639650000003,151.41015599999992,109.10253900000043,143.84619099999964,140.38476599999922,156.6665039999998,137.05126999999993,108.7177729999994,290.6411130000006,108.3334960000002
111,160.0,538.205078,201.0258789999998,167.43603499999972,320.2563479999999,155.2563479999999,116.2822270000006,157.05126999999993,156.0258789999998,165.0,153.46142599999985,113.3334960000002,300.3847659999992,121.41015599999992
112,163.3334960000002,519.1025390000004,203.3334960000002,171.2822270000006,313.46142599999985,148.9741210000002,120.12841800000024,160.89746099999957,162.05126999999993,169.61523400000078,165.2563479999999,117.43603499999972,300.51269500000035,125.64111300000059
113,152.6923829999996,483.20507799999996,198.3334960000002,163.58984400000008,271.15380900000036,136.53857400000015,117.69238299999961,151.6665039999998,153.58984400000008,162.3076170000004,164.7436520000001,118.58984400000008,284.87158199999976,117.43603499999972
114,136.41015599999992,446.15380900000036,190.12841800000024,155.2563479999999,221.2822270000006,126.0258789999998,110.89746099999957,135.2563479999999,136.2822270000006,144.3588869999994,153.9741210000002,116.9228520000006,259.6152340000008,101.9228520000006
115,126.79492200000004,424.7436520000001,186.53857400000015,156.53857400000015,193.9741210000002,123.0771479999994,105.12841800000024,123.58984400000008,122.17968800000017,127.17968800000017,142.82031300000017,114.87158199999976,239.23095699999976,89.87158199999976
116,131.41015599999992,423.7177729999994,192.6923829999996,169.7436520000001,200.2563479999999,127.94873000000007,104.87158199999976,124.48730499999965,121.41015599999992,123.84619099999964,141.41015599999992,114.48730499999965,234.87158199999976,89.61523400000078
117,147.82031300000017,433.7177729999994,206.53857400000015,189.23095699999976,226.79492200000004,135.76904300000024,110.25634799999989,136.53857400000015,133.9741210000002,137.05126999999993,151.9228520000006,116.0258789999998,246.15380900000036,100.89746099999957
118,165.6411130000006,439.87158199999976,221.0258789999998,205.38476599999922,249.48730499999965,140.6411130000006,117.30761700000039,150.12841800000024,150.6411130000006,156.79492200000004,168.0771479999994,118.46142599999985,261.9228520000006,115.51269500000035
119,174.61523400000078,432.5639650000003,228.9741210000002,212.43603499999972,252.17968800000017,140.0,121.15380900000036,155.89746099999957,159.3588869999994,168.0771479999994,179.23095699999976,120.51269500000035,269.6152340000008,123.58984400000008
120,170.0,412.5639650000003,227.82031300000017,210.2563479999999,236.15380900000036,135.6411130000006,119.74365200000011,151.0258789999998,154.23095699999976,163.84619099999964,178.58984400000008,121.0258789999998,264.7436520000001,120.64111300000059
121,156.2822270000006,388.5898440000001,219.87158199999976,204.7436520000001,214.3588869999994,131.15380900000036,114.48730499999965,140.0,138.84619099999964,149.48730499999965,167.82031300000017,119.61523400000078,252.82031300000017,108.84619099999964
122,142.05126999999993,370.3847659999992,210.76904300000024,201.6665039999998,197.82031300000017,129.23095699999976,108.3334960000002,129.61523400000078,122.43603499999972,135.51269500000035,155.0,116.6665039999998,244.7436520000001,95.25634799999989
123,135.38476599999922,362.82031300000017,206.2822270000006,204.3588869999994,189.23095699999976,130.12841800000024,103.9741210000002,125.0,113.3334960000002,127.82031300000017,147.6923829999996,113.84619099999964,247.94873000000007,86.9228520000006
124,138.84619099999964,364.3588869999994,208.0771479999994,211.53857400000015,184.3588869999994,131.53857400000015,102.56396500000028,126.9228520000006,114.48730499999965,124.61523400000078,148.9741210000002,112.94873000000007,261.6665039999998,87.43603499999972
125,148.84619099999964,369.48730499999965,213.3334960000002,220.51269500000035,180.12841800000024,131.53857400000015,103.9741210000002,132.6923829999996,123.46142599999985,122.30761700000039,156.53857400000015,114.61523400000078,278.20507799999996,95.38476599999922
126,159.48730499999965,372.4360349999997,217.3076170000004,229.10253900000043,176.79492200000004,130.38476599999922,106.9228520000006,138.58984400000008,134.61523400000078,120.12841800000024,166.2822270000006,117.82031300000017,289.3588869999994,105.12841800000024
127,166.2822270000006,370.51269500000035,216.53857400000015,237.6923829999996,175.76904300000024,129.61523400000078,110.64111300000059,142.6923829999996,142.82031300000017,120.0,175.12841800000024,121.0258789999998,291.53857400000015,112.05126999999993
128,169.61523400000078,364.7436520000001,212.3076170000004,247.43603499999972,178.3334960000002,130.51269500000035,114.74365200000011,146.2822270000006,146.2822270000006,122.94873000000007,183.0771479999994,122.94873000000007,288.3334960000002,114.87158199999976
129,172.43603499999972,357.6923829999996,208.58984400000008,258.7177729999994,183.9741210000002,132.82031300000017,119.74365200000011,151.0258789999998,147.05126999999993,125.76904300000024,190.38476599999922,123.58984400000008,286.15380900000036,116.15380900000036
130,176.41015599999992,350.3847659999992,207.17968800000017,268.9741210000002,188.9741210000002,134.3588869999994,125.0,156.79492200000004,148.46142599999985,123.7177729999994,196.41015599999992,123.58984400000008,287.82031300000017,118.20507799999996
131,179.87158199999976,341.0258789999998,206.53857400000015,274.48730499999965,187.94873000000007,132.6923829999996,128.3334960000002,160.12841800000024,151.2822270000006,115.76904300000024,198.9741210000002,123.46142599999985,289.3588869999994,120.38476599999922
132,178.7177729999994,327.94873000000007,202.43603499999972,272.82031300000017,177.3076170000004,127.05126999999993,127.56396500000028,156.9228520000006,152.05126999999993,106.6665039999998,196.41015599999992,123.20507799999996,284.48730499999965,119.35888699999941
133,170.89746099999957,311.53857400000015,192.43603499999972,263.3334960000002,159.23095699999976,119.35888699999941,121.0258789999998,146.53857400000015,146.79492200000004,103.58984400000008,188.84619099999964,121.6665039999998,270.2563479999999,112.56396500000028
134,158.46142599999985,295.0,178.84619099999964,249.3588869999994,141.53857400000015,113.46142599999985,110.76904300000024,132.82031300000017,135.51269500000035,108.7177729999994,179.3588869999994,118.46142599999985,251.53857400000015,101.53857400000015
135,147.6923829999996,281.9228520000006,167.43603499999972,237.82031300000017,132.17968800000017,112.30761700000039,101.6665039999998,122.30761700000039,123.58984400000008,117.43603499999972,172.82031300000017,114.61523400000078,237.56396500000028,91.53857400000015
136,144.7436520000001,274.10253900000043,162.94873000000007,235.51269500000035,134.10253900000043,115.64111300000059,98.9741210000002,120.51269500000035,118.0771479999994,122.69238299999961,172.43603499999972,112.56396500000028,235.51269500000035,88.20507799999996
137,151.2822270000006,271.2822270000006,165.2563479999999,243.58984400000008,144.61523400000078,120.38476599999922,104.23095699999976,127.17968800000017,121.6665039999998,120.0,177.3076170000004,114.10253900000043,243.7177729999994,92.82031300000017
138,162.17968800000017,271.4101559999999,168.9741210000002,254.3588869999994,157.05126999999993,122.94873000000007,113.3334960000002,136.15380900000036,130.2563479999999,110.64111300000059,181.15380900000036,117.43603499999972,252.56396500000028,101.15380900000036
139,169.23095699999976,271.0258789999998,167.56396500000028,257.6923829999996,164.23095699999976,121.6665039999998,120.12841800000024,140.0,135.76904300000024,99.35888699999941,178.0771479999994,119.35888699999941,251.41015599999992,105.76904300000024
140,167.3076170000004,266.9228520000006,159.48730499999965,248.7177729999994,162.43603499999972,118.7177729999994,120.51269500000035,135.38476599999922,133.0771479999994,91.79492200000004,168.3334960000002,117.82031300000017,237.05126999999993,102.69238299999961
141,159.3588869999994,259.48730499999965,148.7177729999994,233.46142599999985,152.43603499999972,117.30761700000039,115.64111300000059,126.9228520000006,124.61523400000078,90.89746099999957,159.87158199999976,114.74365200000011,217.56396500000028,95.64111300000059
142,153.9741210000002,251.41015599999992,141.79492200000004,223.20507799999996,140.2563479999999,118.46142599999985,110.51269500000035,122.69238299999961,118.7177729999994,95.76904300000024,161.79492200000004,113.84619099999964,205.12841800000024,92.69238299999961
143,157.94873000000007,245.6411130000006,142.05126999999993,225.89746099999957,132.94873000000007,120.38476599999922,110.12841800000024,128.20507799999996,121.9228520000006,102.69238299999961,176.0258789999998,117.43603499999972,206.9228520000006,99.10253900000043
144,169.61523400000078,241.6665039999998,146.9228520000006,239.48730499999965,134.10253900000043,120.0,115.12841800000024,139.87158199999976,132.43603499999972,108.7177729999994,193.84619099999964,123.9741210000002,218.3334960000002,112.05126999999993
145,180.0,236.0258789999998,149.87158199999976,253.84619099999964,141.0258789999998,116.41015599999992,120.64111300000059,148.20507799999996,141.0258789999998,111.2822270000006,202.82031300000017,128.84619099999964,226.79492200000004,122.43603499999972
146,180.89746099999957,225.51269500000035,146.2822270000006,259.10253900000043,146.6665039999998,110.89746099999957,121.41015599999992,145.38476599999922,138.9741210000002,108.20507799999996,197.05126999999993,128.46142599999985,222.05126999999993,122.82031300000017
147,171.79492200000004,210.0,137.56396500000028,252.56396500000028,145.12841800000024,106.79492200000004,115.76904300000024,132.17968800000017,126.2822270000006,98.3334960000002,181.2822270000006,123.20507799999996,203.7177729999994,113.7177729999994
148,159.3588869999994,191.6665039999998,129.3588869999994,240.12841800000024,135.89746099999957,106.2822270000006,107.43603499999972,117.30761700000039,111.6665039999998,84.35888699999941,166.9228520000006,117.30761700000039,180.6411130000006,102.43603499999972
149,150.89746099999957,173.0771479999994,126.0258789999998,230.12841800000024,123.3334960000002,109.48730499999965,101.41015599999992,108.84619099999964,105.0,73.20507799999996,162.17968800000017,114.48730499999965,163.3334960000002,96.41015599999992
150,149.3588869999994,156.53857400000015,127.43603499999972,227.56396500000028,113.9741210000002,114.35888699999941,100.25634799999989,108.7177729999994,108.7177729999994,70.89746099999957,166.53857400000015,115.51269500000035,156.9228520000006,97.69238299999961
151,153.20507799999996,143.46142599999985,130.51269500000035,231.79492200000004,113.46142599999985,118.20507799999996,103.46142599999985,113.58984400000008,117.69238299999961,78.3334960000002,173.84619099999964,117.82031300000017,159.48730499999965,103.58984400000008
152,159.48730499999965,135.12841800000024,132.43603499999972,238.84619099999964,123.46142599999985,119.23095699999976,108.3334960000002,118.9741210000002,125.0,90.76904300000024,178.46142599999985,118.9741210000002,165.0,111.0258789999998
153,166.0258789999998,131.41015599999992,133.20507799999996,244.7436520000001,137.82031300000017,117.30761700000039,112.43603499999972,122.69238299999961,127.05126999999993,101.0258789999998,178.84619099999964,118.3334960000002,167.6923829999996,117.69238299999961
154,170.51269500000035,129.7436520000001,133.58984400000008,247.05126999999993,144.3588869999994,113.46142599999985,113.7177729999994,124.61523400000078,124.87158199999976,104.87158199999976,177.3076170000004,117.17968800000017,164.61523400000078,121.9228520000006
155,171.2822270000006,125.89746099999957,133.20507799999996,243.7177729999994,133.7177729999994,108.46142599999985,112.56396500000028,124.10253900000043,121.15380900000036,102.82031300000017,176.0258789999998,116.9228520000006,156.79492200000004,122.30761700000039
156,166.79492200000004,116.53857400000015,130.89746099999957,233.3334960000002,108.7177729999994,103.20507799999996,109.74365200000011,120.38476599999922,116.9228520000006,97.43603499999972,174.48730499999965,117.69238299999961,146.9228520000006,117.69238299999961
157,156.6665039999998,100.64111300000059,125.38476599999922,216.41015599999992,82.82031300000017,98.84619099999964,106.0258789999998,113.20507799999996,111.41015599999992,89.87158199999976,169.87158199999976,117.82031300000017,135.76904300000024,107.82031300000017
158,143.3334960000002,81.41015599999992,118.46142599999985,198.84619099999964,68.46142599999985,96.6665039999998,102.05126999999993,104.74365200000011,104.23095699999976,79.87158199999976,160.38476599999922,116.0258789999998,123.46142599999985,95.12841800000024
159,131.9228520000006,64.35888699999941,113.7177729999994,188.84619099999964,67.82031300000017,97.30761700000039,98.58984400000008,100.12841800000024,97.56396500000028,68.9741210000002,148.7177729999994,112.82031300000017,111.53857400000015,85.0
160,128.20507799999996,55.51269500000035,114.61523400000078,191.41015599999992,74.35888699999941,99.87158199999976,97.30761700000039,103.84619099999964,95.76904300000024,61.2822270000006,140.76904300000024,110.12841800000024,103.20507799999996,82.82031300000017
161,134.48730499999965,56.9228520000006,121.15380900000036,203.9741210000002,82.05126999999993,102.69238299999961,99.48730499999965,115.89746099999957,102.30761700000039,62.05126999999993,140.89746099999957,110.0,101.0258789999998,90.12841800000024
162,147.3076170000004,65.64111300000059,129.48730499999965,216.79492200000004,90.0,103.9741210000002,104.61523400000078,130.2563479999999,115.51269500000035,72.82031300000017,148.46142599999985,112.82031300000017,104.61523400000078,102.94873000000007
163,159.3588869999994,73.58984400000008,134.48730499999965,221.2822270000006,98.9741210000002,103.58984400000008,110.64111300000059,139.23095699999976,129.10253900000043,90.38476599999922,158.20507799999996,116.9228520000006,110.51269500000035,113.58984400000008
164,164.10253900000043,73.9741210000002,133.46142599999985,215.89746099999957,107.56396500000028,102.30761700000039,113.7177729999994,138.46142599999985,135.38476599999922,107.56396500000028,163.46142599999985,119.61523400000078,113.20507799999996,116.53857400000015
165,159.61523400000078,64.74365200000011,126.79492200000004,205.89746099999957,112.43603499999972,101.2822270000006,111.6665039999998,129.23095699999976,131.15380900000036,115.51269500000035,161.15380900000036,118.9741210000002,109.74365200000011,111.53857400000015
166,150.2563479999999,51.2822270000006,118.46142599999985,199.48730499999965,111.79492200000004,101.15380900000036,106.0258789999998,117.56396500000028,119.74365200000011,109.23095699999976,153.9741210000002,116.15380900000036,100.51269500000035,103.3334960000002
167,142.82031300000017,41.2822270000006,112.94873000000007,200.2563479999999,107.56396500000028,101.9228520000006,100.76904300000024,110.25634799999989,108.58984400000008,91.79492200000004,147.17968800000017,113.46142599999985,89.74365200000011,97.82031300000017
168,140.6411130000006,38.46142599999985,111.6665039999998,205.12841800000024,100.76904300000024,102.82031300000017,99.23095699999976,109.23095699999976,102.69238299999961,73.7177729999994,144.23095699999976,112.30761700000039,81.15380900000036,97.30761700000039
169,140.2563479999999,38.7177729999994,111.9228520000006,206.53857400000015,89.10253900000043,102.82031300000017,100.51269500000035,110.89746099999957,101.41015599999992,64.10253900000043,143.3334960000002,112.17968800000017,75.25634799999989,98.46142599999985
170,135.6411130000006,35.0,109.10253900000043,197.94873000000007,70.12841800000024,100.89746099999957,101.53857400000015,109.10253900000043,99.48730499999965,64.61523400000078,139.23095699999976,110.89746099999957,69.23095699999976,95.51269500000035
171,125.25634799999989,24.871581999999762,101.6665039999998,181.2822270000006,46.9228520000006,97.82031300000017,99.48730499999965,101.41015599999992,93.46142599999985,70.89746099999957,129.87158199999976,107.94873000000007,60.897460999999566,86.2822270000006
172,114.87158199999976,15.0,93.46142599999985,166.53857400000015,30.128418000000238,96.0258789999998,95.38476599999922,92.69238299999961,86.2822270000006,78.7177729999994,119.10253900000043,104.74365200000011,51.79492200000004,75.25634799999989
173,112.94873000000007,15.128418000000238,90.38476599999922,164.7436520000001,32.05126999999993,98.0771479999994,92.82031300000017,90.89746099999957,84.35888699999941,86.0258789999998,115.12841800000024,103.7177729999994,47.69238299999961,70.89746099999957
174,122.94873000000007,28.205077999999958,94.87158199999976,177.3076170000004,56.025878999999804,104.61523400000078,95.0,99.23095699999976,91.15380900000036,92.05126999999993,122.69238299999961,106.2822270000006,52.56396500000028,78.0771479999994
175,139.10253900000043,46.666503999999804,103.9741210000002,194.3588869999994,91.2822270000006,113.20507799999996,100.76904300000024,112.30761700000039,103.9741210000002,95.25634799999989,138.3334960000002,111.2822270000006,63.846190999999635,93.0771479999994
176,150.76904300000024,57.05126999999993,111.0258789999998,202.6923829999996,118.46142599999985,119.61523400000078,105.64111300000059,121.0258789999998,115.38476599999922,94.74365200000011,152.05126999999993,115.25634799999989,73.9741210000002,105.76904300000024
177,150.51269500000035,51.666503999999804,111.15380900000036,196.0258789999998,122.69238299999961,120.64111300000059,105.64111300000059,118.9741210000002,119.48730499999965,91.53857400000015,154.7436520000001,115.12841800000024,75.76904300000024,107.43603499999972
178,140.38476599999922,34.48730499999965,104.74365200000011,180.2563479999999,105.12841800000024,116.2822270000006,100.76904300000024,107.82031300000017,115.64111300000059,88.20507799999996,145.6411130000006,110.64111300000059,69.35888699999941,98.20507799999996
179,129.3588869999994,18.077147999999397,97.69238299999961,167.43603499999972,83.20507799999996,109.23095699999976,95.25634799999989,95.0,107.82031300000017,86.79492200000004,132.6923829999996,104.74365200000011,61.153809000000365,86.2822270000006
180,126.41015599999992,13.461425999999847,95.64111300000059,166.9228520000006,76.0258789999998,103.7177729999994,93.7177729999994,88.20507799999996,100.51269500000035,88.0771479999994,126.41015599999992,101.2822270000006,58.46142599999985,81.9228520000006
181,132.43603499999972,21.410155999999915,99.87158199999976,177.6923829999996,87.05126999999993,101.79492200000004,96.79492200000004,89.61523400000078,95.89746099999957,91.41015599999992,131.6665039999998,102.56396500000028,62.43603499999972,88.46142599999985
182,140.38476599999922,31.922852000000603,105.89746099999957,188.20507799999996,101.79492200000004,103.0771479999994,100.89746099999957,94.87158199999976,93.58984400000008,95.25634799999989,143.0771479999994,106.79492200000004,67.94873000000007,100.0
183,140.76904300000024,32.30761700000039,107.05126999999993,185.6411130000006,101.2822270000006,105.12841800000024,100.76904300000024,97.05126999999993,91.2822270000006,96.53857400000015,149.23095699999976,110.0,67.56396500000028,105.76904300000024
184,129.87158199999976,18.461425999999847,100.12841800000024,166.6665039999998,79.23095699999976,105.64111300000059,94.35888699999941,92.05126999999993,88.3334960000002,92.17968800000017,142.82031300000017,108.7177729999994,58.46142599999985,99.23095699999976
185,113.58984400000008,-2.0512699999999313,88.58984400000008,141.15380900000036,48.589844000000085,104.48730499999965,85.0,83.20507799999996,86.53857400000015,82.56396500000028,126.79492200000004,103.58984400000008,45.51269500000035,84.23095699999976
186,103.3334960000002,-16.41015600000037,80.38476599999922,125.64111300000059,29.74365200000011,103.0771479999994,79.23095699999976,78.20507799999996,88.7177729999994,74.23095699999976,112.94873000000007,98.3334960000002,37.05126999999993,71.53857400000015
187,106.9228520000006,-17.820557000000008,81.53857400000015,129.61523400000078,33.846190999999635,102.94873000000007,81.9228520000006,83.46142599999985,95.89746099999957,73.46142599999985,111.53857400000015,97.05126999999993,38.20507799999996,70.51269500000035
188,121.41015599999992,-9.487060999999812,91.15380900000036,148.0771479999994,54.102539000000434,103.9741210000002,91.53857400000015,97.94873000000007,105.12841800000024,81.15380900000036,123.3334960000002,100.12841800000024,47.17968800000017,80.89746099999957
189,135.6411130000006,-0.512695000000349,101.53857400000015,165.12841800000024,73.46142599999985,104.61523400000078,101.79492200000004,113.46142599999985,111.41015599999992,90.64111300000059,138.84619099999964,105.0,56.79492200000004,94.23095699999976
190,139.87158199999976,2.3076170000003913,105.64111300000059,167.17968800000017,78.9741210000002,103.46142599999985,106.0258789999998,121.15380900000036,112.05126999999993,95.51269500000035,147.05126999999993,108.58984400000008,61.025878999999804,101.0258789999998
191,133.58984400000008,-1.4101559999999154,101.79492200000004,153.46142599999985,70.89746099999957,101.15380900000036,102.05126999999993,117.82031300000017,108.7177729999994,95.0,143.9741210000002,108.84619099999964,59.48730499999965,97.82031300000017
192,123.20507799999996,-7.820557000000008,93.7177729999994,134.48730499999965,58.974121000000196,99.23095699999976,93.46142599999985,107.56396500000028,105.51269500000035,93.20507799999996,134.48730499999965,106.0258789999998,55.76904300000024,89.10253900000043
193,116.0258789999998,-13.461425999999847,86.79492200000004,123.0771479999994,51.9228520000006,98.7177729999994,85.64111300000059,96.79492200000004,104.10253900000043,92.82031300000017,126.41015599999992,102.30761700000039,53.333496000000196,82.05126999999993
194,114.74365200000011,-17.69238299999961,83.58984400000008,122.94873000000007,51.53857400000015,99.35888699999941,81.9228520000006,89.74365200000011,102.94873000000007,93.20507799999996,124.10253900000043,99.87158199999976,52.17968800000017,80.64111300000059
195,117.69238299999961,-21.28198199999997,83.9741210000002,129.10253900000043,54.48730499999965,100.12841800000024,82.17968800000017,87.05126999999993,99.74365200000011,92.17968800000017,126.41015599999992,100.12841800000024,50.25634799999989,83.46142599999985
196,121.15380900000036,-24.230713000000378,86.15380900000036,133.7177729999994,56.79492200000004,100.0,83.7177729999994,87.05126999999993,94.10253900000043,88.58984400000008,128.46142599999985,101.79492200000004,46.79492200000004,86.2822270000006
197,122.56396500000028,-25.38452099999995,87.82031300000017,133.58984400000008,56.79492200000004,98.58984400000008,84.48730499999965,87.43603499999972,87.94873000000007,83.20507799999996,125.89746099999957,102.69238299999961,42.94873000000007,86.2822270000006
198,122.17968800000017,-23.58984399999963,88.0771479999994,130.51269500000035,55.0,97.30761700000039,83.58984400000008,86.15380900000036,83.46142599999985,78.9741210000002,119.23095699999976,102.17968800000017,41.2822270000006,85.0
199,121.41015599999992,-18.846190999999635,87.69238299999961,128.46142599999985,52.94873000000007,97.82031300000017,82.17968800000017,83.20507799999996,81.9228520000006,78.84619099999964,112.94873000000007,101.15380900000036,42.94873000000007,85.51269500000035
200,121.53857400000015,-13.71801800000003,88.0771479999994,128.46142599999985,50.897460999999566,100.64111300000059,81.6665039999998,81.0258789999998,83.3334960000002,84.35888699999941,112.56396500000028,101.15380900000036,46.53857400000015,90.12841800000024
201,122.17968800000017,-12.179442999999992,89.10253900000043,128.84619099999964,48.20507799999996,104.23095699999976,83.0771479999994,81.2822270000006,86.2822270000006,92.05126999999993,118.3334960000002,102.05126999999993,49.23095699999976,96.41015599999992
202,121.53857400000015,-17.051270000000386,89.10253900000043,126.53857400000015,45.51269500000035,105.89746099999957,85.12841800000024,83.3334960000002,88.46142599999985,95.51269500000035,125.51269500000035,102.69238299999961,47.94873000000007,99.74365200000011
203,119.48730499999965,-26.666747999999643,87.69238299999961,121.6665039999998,45.51269500000035,104.35888699999941,86.0258789999998,84.61523400000078,87.82031300000017,90.76904300000024,128.46142599999985,102.30761700000039,42.43603499999972,97.56396500000028
204,117.56396500000028,-34.61547900000005,86.2822270000006,118.3334960000002,51.666503999999804,101.79492200000004,85.12841800000024,83.9741210000002,84.61523400000078,81.53857400000015,126.0258789999998,101.53857400000015,36.153809000000365,92.43603499999972
205,118.58984400000008,-34.48706099999981,87.43603499999972,120.51269500000035,64.61523400000078,101.15380900000036,83.84619099999964,83.0771479999994,82.05126999999993,76.2822270000006,121.6665039999998,101.53857400000015,34.35888699999941,90.51269500000035
206,123.0771479999994,-26.41015600000037,91.41015599999992,128.20507799999996,78.7177729999994,104.10253900000043,83.84619099999964,83.7177729999994,82.69238299999961,79.23095699999976,119.10253900000043,102.43603499999972,38.0771479999994,94.74365200000011
207,127.56396500000028,-17.564209000000574,95.51269500000035,135.51269500000035,84.23095699999976,108.3334960000002,85.64111300000059,85.25634799999989,85.25634799999989,85.38476599999922,118.46142599999985,102.69238299999961,43.46142599999985,101.53857400000015
208,127.30761700000039,-16.538574000000153,96.9228520000006,135.6411130000006,73.9741210000002,110.12841800000024,87.94873000000007,84.48730499999965,86.79492200000004,85.25634799999989,116.53857400000015,101.41015599999992,44.23095699999976,104.23095699999976
209,121.0258789999998,-26.153809000000365,95.25634799999989,127.05126999999993,52.05126999999993,107.69238299999961,88.9741210000002,80.0,85.51269500000035,75.76904300000024,111.79492200000004,98.9741210000002,38.20507799999996,99.61523400000078
210,113.20507799999996,-40.64111300000013,93.3334960000002,115.89746099999957,32.43603499999972,103.46142599999985,88.46142599999985,73.58984400000008,83.7177729999994,64.23095699999976,106.15380900000036,97.05126999999993,29.230956999999762,91.41015599999992
211,110.25634799999989,-50.51293900000019,94.35888699999941,111.2822270000006,27.82031300000017,101.53857400000015,87.30761700000039,69.10253900000043,83.84619099999964,60.38476599999922,103.46142599999985,96.41015599999992,24.102539000000434,86.9228520000006
212,114.10253900000043,-50.38452099999995,98.0771479999994,117.43603499999972,38.974121000000196,104.10253900000043,86.9228520000006,69.10253900000043,85.25634799999989,67.94873000000007,105.12841800000024,96.79492200000004,25.51269500000035,90.0
213,120.38476599999922,-42.82055700000001,101.2822270000006,130.2563479999999,53.589844000000085,109.48730499999965,87.56396500000028,72.17968800000017,85.12841800000024,81.41015599999992,108.58984400000008,97.56396500000028,30.384765999999217,97.05126999999993
214,122.30761700000039,-36.153809000000365,100.25634799999989,139.61523400000078,57.17968800000017,112.94873000000007,87.94873000000007,74.87158199999976,81.6665039999998,91.15380900000036,110.12841800000024,97.69238299999961,32.30761700000039,100.64111300000059
215,116.79492200000004,-38.33325200000036,94.61523400000078,137.82031300000017,44.61523400000078,111.41015599999992,86.6665039999998,74.23095699999976,75.64111300000059,90.76904300000024,107.69238299999961,96.53857400000015,27.56396500000028,95.64111300000059
216,106.0258789999998,-49.61547900000005,87.17968800000017,126.2822270000006,24.358886999999413,105.0,84.23095699999976,70.89746099999957,69.87158199999976,80.25634799999989,102.82031300000017,94.87158199999976,17.69238299999961,84.48730499999965
217,96.9228520000006,-62.82055700000001,83.0771479999994,114.48730499999965,11.794922000000042,97.56396500000028,82.05126999999993,69.10253900000043,67.56396500000028,66.53857400000015,99.10253900000043,93.84619099999964,9.230956999999762,75.25634799999989
218,95.89746099999957,-68.20507799999996,85.51269500000035,111.79492200000004,17.43603499999972,93.84619099999964,82.17968800000017,73.20507799999996,70.51269500000035,58.7177729999994,100.0,94.23095699999976,8.333496000000196,75.64111300000059
219,103.9741210000002,-61.53857400000015,93.58984400000008,120.12841800000024,39.35888699999941,95.76904300000024,84.61523400000078,83.9741210000002,78.46142599999985,61.53857400000015,105.76904300000024,95.76904300000024,16.410155999999915,86.0258789999998
220,116.6665039999998,-47.17944299999999,102.17968800000017,133.3334960000002,65.12841800000024,101.6665039999998,87.56396500000028,97.05126999999993,88.58984400000008,71.9228520000006,112.69238299999961,97.69238299999961,27.82031300000017,99.87158199999976
221,127.17968800000017,-34.74365200000011,105.89746099999957,142.17968800000017,80.76904300000024,106.9228520000006,89.61523400000078,105.89746099999957,97.17968800000017,81.79492200000004,116.2822270000006,99.10253900000043,35.12841800000024,108.58984400000008
222,131.2822270000006,-31.41015600000037,103.20507799999996,140.76904300000024,81.41015599999992,108.0771479999994,89.74365200000011,107.82031300000017,101.41015599999992,85.64111300000059,115.12841800000024,100.0,34.35888699999941,108.58984400000008
223,129.7436520000001,-37.051270000000386,97.05126999999993,130.6411130000006,73.3334960000002,105.12841800000024,88.9741210000002,105.38476599999922,102.43603499999972,85.0,112.43603499999972,100.51269500000035,28.333496000000196,103.3334960000002
224,126.41015599999992,-45.38452099999995,91.53857400000015,118.58984400000008,66.0258789999998,101.0258789999998,88.58984400000008,104.10253900000043,103.20507799999996,85.51269500000035,111.79492200000004,100.76904300000024,23.717772999999397,98.84619099999964
225,123.9741210000002,-50.51293900000019,88.46142599999985,111.15380900000036,62.56396500000028,98.84619099999964,89.23095699999976,106.53857400000015,105.25634799999989,90.0,113.46142599999985,100.38476599999922,24.230956999999762,98.58984400000008
226,123.20507799999996,-50.89746100000002,87.30761700000039,111.0258789999998,58.46142599999985,100.0,90.51269500000035,110.89746099999957,107.94873000000007,96.9228520000006,114.74365200000011,99.10253900000043,27.94873000000007,101.2822270000006
227,122.56396500000028,-49.48706099999981,86.6665039999998,116.15380900000036,48.7177729999994,102.82031300000017,91.2822270000006,113.46142599999985,108.7177729999994,101.6665039999998,113.0771479999994,97.56396500000028,30.128418000000238,102.82031300000017
228,120.38476599999922,-50.38452099999995,86.0258789999998,122.30761700000039,36.025878999999804,104.61523400000078,90.51269500000035,112.69238299999961,106.41015599999992,101.2822270000006,108.46142599999985,96.9228520000006,27.82031300000017,100.76904300000024
229,116.0258789999998,-55.64111300000013,84.87158199999976,125.38476599999922,28.589844000000085,103.3334960000002,87.94873000000007,108.84619099999964,101.9228520000006,96.41015599999992,103.9741210000002,97.82031300000017,22.05126999999993,95.38476599999922
230,109.74365200000011,-64.10253899999998,82.82031300000017,123.84619099999964,31.538574000000153,98.46142599999985,84.74365200000011,103.84619099999964,96.9228520000006,90.0,101.6665039999998,99.10253900000043,16.282227000000603,89.35888699999941
231,104.23095699999976,-72.05127000000039,79.87158199999976,118.9741210000002,41.153809000000365,92.05126999999993,82.43603499999972,99.61523400000078,92.94873000000007,84.74365200000011,100.64111300000059,99.23095699999976,13.205077999999958,85.38476599999922
232,102.56396500000028,-75.38452099999995,77.43603499999972,114.23095699999976,48.46142599999985,87.94873000000007,82.94873000000007,98.0771479999994,91.15380900000036,81.9228520000006,99.61523400000078,98.46142599999985,13.461425999999847,85.25634799999989
233,106.79492200000004,-71.53857400000015,77.30761700000039,113.3334960000002,49.102539000000434,88.84619099999964,86.9228520000006,100.25634799999989,92.30761700000039,81.53857400000015,98.9741210000002,98.46142599999985,16.922852000000603,89.48730499999965
234,116.15380900000036,-61.92309599999999,80.64111300000059,117.94873000000007,46.9228520000006,94.48730499999965,93.58984400000008,105.25634799999989,96.6665039999998,83.9741210000002,100.51269500000035,100.0,23.205077999999958,96.53857400000015
235,125.76904300000024,-52.17944299999999,86.0258789999998,125.64111300000059,48.333496000000196,101.53857400000015,100.12841800000024,110.0,101.6665039999998,88.7177729999994,105.12841800000024,102.05126999999993,29.358886999999413,103.3334960000002
236,130.12841800000024,-48.974365000000034,89.61523400000078,129.7436520000001,54.48730499999965,105.64111300000059,103.9741210000002,111.0258789999998,103.58984400000008,95.0,110.64111300000059,102.56396500000028,31.666503999999804,106.53857400000015
237,126.79492200000004,-54.10253899999998,88.9741210000002,125.0,61.666503999999804,104.87158199999976,103.9741210000002,107.82031300000017,101.2822270000006,101.15380900000036,113.20507799999996,100.76904300000024,27.69238299999961,104.61523400000078
238,118.7177729999994,-63.974365000000034,85.0,112.43603499999972,65.25634799999989,101.6665039999998,101.41015599999992,103.0771479999994,96.9228520000006,104.23095699999976,110.51269500000035,98.0771479999994,18.974121000000196,99.61523400000078
239,112.30761700000039,-71.15380900000036,81.41015599999992,100.25634799999989,65.51269500000035,99.48730499999965,98.20507799999996,100.76904300000024,94.74365200000011,102.56396500000028,104.74365200000011,96.9228520000006,10.897460999999566,95.38476599999922
240,112.82031300000017,-70.38452099999995,81.0258789999998,98.7177729999994,65.64111300000059,100.12841800000024,96.9228520000006,103.9741210000002,98.0771479999994,97.43603499999972,100.76904300000024,98.3334960000002,8.846190999999635,95.12841800000024
241,120.0,-62.564209000000574,83.84619099999964,110.0,66.53857400000015,102.69238299999961,98.46142599999985,112.05126999999993,106.0258789999998,93.84619099999964,102.43603499999972,101.0258789999998,14.230956999999762,99.48730499999965
242,128.46142599999985,-53.46142599999985,86.9228520000006,126.6665039999998,65.0,104.48730499999965,101.0258789999998,120.64111300000059,114.48730499999965,95.0,109.23095699999976,102.17968800000017,22.69238299999961,105.12841800000024
243,130.76904300000024,-50.38452099999995,86.9228520000006,136.79492200000004,57.17968800000017,103.7177729999994,102.17968800000017,124.61523400000078,118.7177729999994,99.48730499999965,115.89746099999957,100.12841800000024,27.17968800000017,107.43603499999972
244,124.74365200000011,-56.025634999999966,82.69238299999961,134.87158199999976,44.61523400000078,100.76904300000024,100.64111300000059,121.79492200000004,117.17968800000017,102.17968800000017,116.2822270000006,95.51269500000035,23.717772999999397,104.35888699999941
245,114.87158199999976,-66.53857400000015,76.9228520000006,124.87158199999976,35.12841800000024,97.43603499999972,97.94873000000007,115.0,112.30761700000039,99.87158199999976,109.35888699999941,91.15380900000036,15.256347999999889,98.58984400000008
246,109.35888699999941,-74.10253899999998,74.10253900000043,116.41015599999992,37.94873000000007,96.2822270000006,96.79492200000004,110.76904300000024,108.3334960000002,95.25634799999989,100.76904300000024,90.64111300000059,8.589844000000085,95.76904300000024
247,112.69238299999961,-72.69238299999961,76.79492200000004,115.76904300000024,55.38476599999922,98.20507799999996,98.46142599999985,113.3334960000002,108.3334960000002,93.84619099999964,97.82031300000017,94.48730499999965,9.487304999999651,98.84619099999964
248,122.05126999999993,-63.46142599999985,82.82031300000017,121.0258789999998,78.0771479999994,102.17968800000017,101.6665039999998,120.12841800000024,111.0258789999998,97.17968800000017,103.3334960000002,100.64111300000059,16.538574000000153,106.2822270000006
249,129.23095699999976,-53.20507799999996,87.05126999999993,124.61523400000078,89.23095699999976,105.12841800000024,104.10253900000043,123.7177729999994,112.05126999999993,100.89746099999957,112.69238299999961,104.74365200000011,22.82031300000017,112.30761700000039
250,128.3334960000002,-49.35888699999987,86.2822270000006,121.79492200000004,78.20507799999996,104.35888699999941,103.7177729999994,118.9741210000002,107.82031300000017,99.23095699999976,117.94873000000007,104.35888699999941,21.666503999999804,112.94873000000007
251,121.0258789999998,-53.71801800000003,82.56396500000028,115.38476599999922,52.17968800000017,100.25634799999989,100.76904300000024,108.3334960000002,99.48730499999965,92.05126999999993,115.12841800000024,100.64111300000059,13.846190999999635,108.58984400000008
252,114.87158199999976,-61.53857400000015,80.25634799999989,112.43603499999972,31.922852000000603,96.2822270000006,97.30761700000039,99.23095699999976,92.69238299999961,85.89746099999957,107.56396500000028,97.05126999999993,6.282227000000603,104.10253900000043
253,116.15380900000036,-65.64111300000013,82.30761700000039,116.79492200000004,34.74365200000011,96.0258789999998,95.64111300000059,98.0771479999994,92.17968800000017,88.3334960000002,102.56396500000028,96.0258789999998,6.282227000000603,104.87158199999976
254,124.74365200000011,-62.564209000000574,87.94873000000007,126.2822270000006,59.87158199999976,100.25634799999989,97.05126999999993,104.87158199999976,98.46142599999985,100.64111300000059,105.25634799999989,97.94873000000007,14.743652000000111,112.05126999999993
255,135.2563479999999,-54.35888699999987,93.58984400000008,134.3588869999994,89.61523400000078,106.79492200000004,100.25634799999989,113.7177729999994,106.6665039999998,115.38476599999922,113.84619099999964,101.41015599999992,25.769043000000238,121.41015599999992
256,140.2563479999999,-47.69238299999961,95.25634799999989,135.51269500000035,102.43603499999972,111.79492200000004,102.82031300000017,116.79492200000004,110.51269500000035,121.15380900000036,121.6665039999998,104.10253900000043,31.282227000000603,126.41015599999992
257,135.51269500000035,-48.58984399999963,90.76904300000024,129.10253900000043,89.48730499999965,111.9228520000006,101.9228520000006,110.25634799999989,106.2822270000006,110.89746099999957,122.05126999999993,104.10253900000043,27.17968800000017,122.43603499999972
258,123.3334960000002,-57.69238299999961,81.6665039999998,119.23095699999976,59.23095699999976,107.17968800000017,96.41015599999992,96.9228520000006,95.76904300000024,87.94873000000007,113.9741210000002,101.15380900000036,16.410155999999915,111.2822270000006
259,110.51269500000035,-69.74365200000011,72.94873000000007,111.2822270000006,31.538574000000153,100.76904300000024,88.46142599999985,83.58984400000008,84.35888699999941,64.35888699999941,103.0771479999994,96.9228520000006,6.282227000000603,100.0
260,104.23095699999976,-76.92309599999999,69.48730499999965,107.56396500000028,22.30761700000039,97.30761700000039,82.05126999999993,77.17968800000017,78.0771479999994,53.46142599999985,96.79492200000004,93.7177729999994,2.6923829999996087,95.64111300000059
261,106.79492200000004,-74.8718259999996,73.3334960000002,106.79492200000004,33.974121000000196,98.3334960000002,81.15380900000036,80.25634799999989,80.0,61.410155999999915,98.7177729999994,93.20507799999996,6.153809000000365,100.0
262,114.87158199999976,-65.76928699999962,82.17968800000017,107.82031300000017,55.51269500000035,102.05126999999993,86.15380900000036,90.12841800000024,89.35888699999941,82.30761700000039,106.53857400000015,95.64111300000059,13.205077999999958,108.84619099999964
263,122.56396500000028,-55.64111300000013,91.53857400000015,110.89746099999957,72.82031300000017,105.0,94.23095699999976,101.41015599999992,102.17968800000017,102.94873000000007,114.48730499999965,99.61523400000078,19.871581999999762,116.41015599999992
264,126.0258789999998,-49.8718259999996,97.30761700000039,116.2822270000006,77.94873000000007,105.64111300000059,100.76904300000024,109.48730499999965,113.3334960000002,112.69238299999961,117.56396500000028,102.43603499999972,24.102539000000434,119.61523400000078
265,124.87158199999976,-50.0,97.69238299999961,121.41015599999992,71.79492200000004,105.38476599999922,102.56396500000028,112.43603499999972,118.3334960000002,109.35888699999941,114.35888699999941,102.30761700000039,25.384765999999217,118.7177729999994
266,121.6665039999998,-54.23071300000038,94.87158199999976,122.69238299999961,61.79492200000004,106.53857400000015,99.74365200000011,111.6665039999998,116.2822270000006,98.9741210000002,107.43603499999972,99.35888699999941,23.846190999999635,116.15380900000036
267,118.84619099999964,-58.974365000000034,92.43603499999972,118.3334960000002,55.51269500000035,109.87158199999976,96.0258789999998,110.0,110.51269500000035,91.0258789999998,101.15380900000036,96.41015599999992,20.384765999999217,113.58984400000008
268,117.82031300000017,-61.79492200000004,93.7177729999994,111.0258789999998,57.43603499999972,113.9741210000002,95.0,110.25634799999989,105.64111300000059,91.6665039999998,100.12841800000024,96.0258789999998,17.30761700000039,111.9228520000006
269,118.46142599999985,-61.53857400000015,98.58984400000008,106.0258789999998,66.2822270000006,116.41015599999992,97.56396500000028,112.94873000000007,104.23095699999976,99.61523400000078,105.0,98.7177729999994,16.538574000000153,111.15380900000036
270,118.7177729999994,-60.25634799999989,103.9741210000002,106.9228520000006,76.79492200000004,115.0,100.38476599999922,116.2822270000006,105.25634799999989,107.43603499999972,112.05126999999993,101.79492200000004,17.56396500000028,110.12841800000024
271,115.89746099999957,-61.28198199999997,106.2822270000006,112.82031300000017,82.17968800000017,109.74365200000011,99.74365200000011,116.41015599999992,105.12841800000024,107.30761700000039,114.61523400000078,102.17968800000017,17.30761700000039,106.9228520000006
272,108.9741210000002,-66.41015600000037,104.10253900000043,119.10253900000043,78.9741210000002,102.82031300000017,94.48730499999965,110.76904300000024,100.76904300000024,96.79492200000004,109.10253900000043,98.7177729999994,13.205077999999958,100.76904300000024
273,100.38476599999922,-72.94872999999961,99.35888699999941,121.41015599999992,68.20507799999996,97.82031300000017,87.82031300000017,101.2822270000006,93.84619099999964,82.17968800000017,98.0771479999994,92.94873000000007,6.666503999999804,94.10253900000043
274,95.38476599999922,-75.1281740000004,95.89746099999957,118.46142599999985,56.53857400000015,97.94873000000007,84.48730499999965,94.61523400000078,89.48730499999965,73.84619099999964,88.9741210000002,88.58984400000008,2.8203130000001693,91.53857400000015
275,97.56396500000028,-68.46142599999985,96.9228520000006,113.3334960000002,51.79492200000004,103.7177729999994,87.69238299999961,96.2822270000006,92.56396500000028,78.58984400000008,87.69238299999961,88.84619099999964,5.641113000000587,96.0258789999998
276,105.64111300000059,-55.51293900000019,101.79492200000004,110.64111300000059,56.2822270000006,111.9228520000006,96.15380900000036,106.2822270000006,102.56396500000028,93.84619099999964,93.9741210000002,93.84619099999964,13.717772999999397,105.25634799999989
277,113.0771479999994,-45.1281740000004,107.05126999999993,112.56396500000028,65.0,117.30761700000039,104.48730499999965,117.56396500000028,112.82031300000017,108.9741210000002,101.15380900000036,100.89746099999957,20.897460999999566,113.20507799999996
278,114.10253900000043,-45.76928699999962,108.9741210000002,117.69238299999961,69.74365200000011,116.2822270000006,106.9228520000006,122.17968800000017,115.76904300000024,113.7177729999994,102.30761700000039,105.89746099999957,21.410155999999915,114.48730499999965
279,107.69238299999961,-57.948729999999614,106.2822270000006,121.2822270000006,65.89746099999957,109.61523400000078,101.53857400000015,116.79492200000004,109.10253900000043,106.53857400000015,95.51269500000035,106.0258789999998,13.974121000000196,108.3334960000002
280,98.3334960000002,-73.84619099999964,100.38476599999922,119.74365200000011,55.51269500000035,101.6665039999998,92.05126999999993,105.64111300000059,98.0771479999994,94.74365200000011,85.38476599999922,101.0258789999998,3.2050779999999577,98.7177729999994
281,91.9228520000006,-82.17944299999999,93.46142599999985,113.84619099999964,45.25634799999989,96.2822270000006,84.61523400000078,96.9228520000006,90.76904300000024,87.82031300000017,79.48730499999965,93.7177729999994,-4.230713000000378,92.56396500000028
282,92.43603499999972,-77.17944299999999,87.69238299999961,108.84619099999964,42.56396500000028,95.89746099999957,83.20507799999996,95.89746099999957,92.05126999999993,90.25634799999989,82.56396500000028,87.69238299999961,-3.717772999999397,93.7177729999994
283,98.3334960000002,-62.564209000000574,84.10253900000043,109.74365200000011,50.0,99.61523400000078,87.05126999999993,100.51269500000035,99.48730499999965,98.46142599999985,91.6665039999998,84.61523400000078,3.5898440000000846,100.51269500000035
284,104.48730499999965,-49.48706099999981,82.69238299999961,116.6665039999998,63.20507799999996,104.48730499999965,90.76904300000024,104.48730499999965,105.89746099999957,104.87158199999976,98.58984400000008,84.10253900000043,11.922852000000603,106.6665039999998
285,105.76904300000024,-47.051270000000386,83.3334960000002,125.51269500000035,73.84619099999964,107.05126999999993,90.38476599999922,103.20507799999996,105.64111300000059,104.48730499999965,96.41015599999992,84.61523400000078,15.512695000000349,107.05126999999993
286,102.05126999999993,-55.1281740000004,85.89746099999957,131.79492200000004,76.79492200000004,105.51269500000035,86.53857400000015,98.7177729999994,99.48730499999965,97.17968800000017,86.41015599999992,85.38476599999922,13.333496000000196,102.69238299999961
287,97.69238299999961,-63.974365000000034,90.38476599999922,134.10253900000043,74.23095699999976,101.2822270000006,83.84619099999964,97.17968800000017,93.20507799999996,87.69238299999961,77.30761700000039,86.53857400000015,8.974121000000196,98.84619099999964
288,97.43603499999972,-63.33325200000036,95.25634799999989,134.23095699999976,71.9228520000006,98.0771479999994,86.15380900000036,102.30761700000039,91.9228520000006,81.6665039999998,77.30761700000039,88.7177729999994,6.666503999999804,100.51269500000035
289,101.41015599999992,-52.435790999999426,98.58984400000008,133.58984400000008,72.94873000000007,97.94873000000007,92.69238299999961,111.6665039999998,96.53857400000015,81.6665039999998,86.53857400000015,91.0258789999998,7.692382999999609,107.30761700000039
290,105.25634799999989,-41.025634999999966,98.3334960000002,132.56396500000028,75.0,100.0,98.0771479999994,118.3334960000002,103.0771479999994,85.12841800000024,96.9228520000006,91.9228520000006,9.743652000000111,113.58984400000008
291,103.84619099999964,-40.1281740000004,94.23095699999976,129.87158199999976,73.46142599999985,101.53857400000015,98.0771479999994,116.2822270000006,106.15380900000036,87.94873000000007,100.38476599999922,90.12841800000024,10.128418000000238,113.3334960000002
292,96.9228520000006,-51.28198199999997,88.46142599999985,126.15380900000036,65.38476599999922,100.76904300000024,92.82031300000017,106.79492200000004,103.58984400000008,87.69238299999961,95.51269500000035,86.15380900000036,8.333496000000196,105.89746099999957
293,89.74365200000011,-65.1281740000004,84.10253900000043,123.0771479999994,53.974121000000196,98.9741210000002,86.9228520000006,96.79492200000004,98.46142599999985,85.76904300000024,88.0771479999994,82.69238299999961,6.410155999999915,97.05126999999993
294,87.43603499999972,-70.0,82.82031300000017,122.05126999999993,45.897460999999566,98.46142599999985,85.38476599999922,93.9741210000002,95.89746099999957,86.15380900000036,84.35888699999941,82.69238299999961,6.153809000000365,94.10253900000043
295,91.0258789999998,-62.17944299999999,84.35888699999941,121.53857400000015,47.43603499999972,100.76904300000024,89.61523400000078,99.87158199999976,98.58984400000008,90.51269500000035,86.79492200000004,86.0258789999998,7.307617000000391,98.9741210000002
296,96.9228520000006,-48.33325200000036,86.15380900000036,118.9741210000002,58.589844000000085,105.25634799999989,96.0258789999998,109.48730499999965,104.23095699999976,96.41015599999992,92.17968800000017,89.87158199999976,8.717772999999397,106.6665039999998
297,100.89746099999957,-39.23071300000038,86.2822270000006,114.35888699999941,72.56396500000028,109.74365200000011,99.35888699999941,116.0258789999998,108.58984400000008,100.0,95.64111300000059,90.89746099999957,9.358886999999413,110.76904300000024
298,102.17968800000017,-40.0,84.74365200000011,111.53857400000015,82.05126999999993,112.05126999999993,97.94873000000007,116.9228520000006,109.35888699999941,100.25634799999989,94.87158199999976,89.23095699999976,9.871581999999762,109.61523400000078
299,103.0771479999994,-46.66674799999964,83.46142599999985,116.15380900000036,85.25634799999989,111.2822270000006,94.48730499999965,114.48730499999965,107.56396500000028,100.76904300000024,92.56396500000028,87.69238299999961,11.666503999999804,106.9228520000006
300,105.64111300000059,-51.92309599999999,84.35888699999941,129.23095699999976,84.61523400000078,108.0771479999994,93.7177729999994,113.0771479999994,105.89746099999957,105.12841800000024,93.3334960000002,88.84619099999964,15.897460999999566,107.43603499999972
301,108.84619099999964,-52.051270000000386,86.53857400000015,143.46142599999985,81.6665039999998,103.58984400000008,96.79492200000004,114.10253900000043,105.0,112.17968800000017,98.0771479999994,91.9228520000006,21.153809000000365,111.6665039999998
302,109.23095699999976,-49.74365200000011,87.56396500000028,147.43603499999972,75.51269500000035,99.87158199999976,100.76904300000024,115.0,103.84619099999964,115.76904300000024,103.84619099999964,94.10253900000043,24.358886999999413,115.51269500000035
303,104.87158199999976,-49.74365200000011,86.0258789999998,136.53857400000015,65.76904300000024,98.9741210000002,101.0258789999998,112.30761700000039,101.41015599999992,111.15380900000036,106.15380900000036,92.82031300000017,23.205077999999958,114.74365200000011
304,98.9741210000002,-53.33325200000036,83.46142599999985,118.9741210000002,55.897460999999566,101.53857400000015,96.53857400000015,105.76904300000024,99.10253900000043,99.61523400000078,103.84619099999964,89.10253900000043,18.846190999999635,109.74365200000011
305,97.43603499999972,-56.79492200000004,83.46142599999985,109.87158199999976,51.2822270000006,106.41015599999992,91.9228520000006,99.61523400000078,99.23095699999976,88.20507799999996,100.64111300000059,86.79492200000004,15.384765999999217,105.89746099999957
306,103.58984400000008,-55.0,87.69238299999961,117.43603499999972,54.61523400000078,111.53857400000015,92.30761700000039,98.58984400000008,102.56396500000028,84.74365200000011,101.2822270000006,89.10253900000043,16.922852000000603,109.10253900000043
307,114.87158199999976,-46.92309599999999,94.10253900000043,135.76904300000024,63.46142599999985,115.38476599999922,99.23095699999976,103.9741210000002,107.94873000000007,92.43603499999972,107.30761700000039,95.51269500000035,23.461425999999847,119.35888699999941
308,124.61523400000078,-36.53857400000015,99.10253900000043,149.3588869999994,72.43603499999972,117.43603499999972,108.20507799999996,113.46142599999985,113.3334960000002,106.79492200000004,115.76904300000024,102.05126999999993,32.17968800000017,131.2822270000006
309,127.82031300000017,-29.8718259999996,100.76904300000024,147.43603499999972,77.56396500000028,118.0771479999994,113.46142599999985,122.17968800000017,117.43603499999972,117.43603499999972,122.56396500000028,104.74365200000011,39.48730499999965,138.0771479999994
310,124.10253900000043,-30.38452099999995,99.48730499999965,132.6923829999996,78.84619099999964,118.20507799999996,112.30761700000039,125.64111300000059,119.35888699999941,116.15380900000036,124.74365200000011,102.82031300000017,42.94873000000007,136.53857400000015
311,117.56396500000028,-37.30761700000039,97.43603499999972,118.20507799999996,77.82031300000017,117.82031300000017,106.15380900000036,122.43603499999972,118.7177729999994,103.7177729999994,122.56396500000028,98.7177729999994,41.666503999999804,127.82031300000017
312,111.9228520000006,-45.51293900000019,96.41015599999992,114.74365200000011,77.30761700000039,117.30761700000039,99.48730499999965,115.12841800000024,116.0258789999998,91.0258789999998,117.56396500000028,95.12841800000024,37.17968800000017,117.43603499999972
313,108.58984400000008,-49.48706099999981,97.56396500000028,122.69238299999961,79.35888699999941,117.17968800000017,95.76904300000024,108.46142599999985,112.69238299999961,89.87158199999976,112.17968800000017,93.84619099999964,31.922852000000603,111.53857400000015
314,107.05126999999993,-47.82055700000001,100.12841800000024,132.94873000000007,83.9741210000002,117.69238299999961,95.64111300000059,106.41015599999992,110.64111300000059,101.9228520000006,108.3334960000002,94.48730499999965,28.589844000000085,112.82031300000017
315,105.89746099999957,-43.20507799999996,102.69238299999961,136.0258789999998,86.15380900000036,117.56396500000028,97.56396500000028,109.61523400000078,110.64111300000059,117.17968800000017,107.43603499999972,95.76904300000024,28.333496000000196,118.58984400000008
316,105.25634799999989,-40.51293900000019,103.46142599999985,131.2822270000006,80.12841800000024,115.25634799999989,99.23095699999976,115.0,112.05126999999993,122.94873000000007,108.9741210000002,96.0258789999998,30.384765999999217,123.46142599999985
317,106.0258789999998,-42.30761700000039,102.69238299999961,125.25634799999989,65.51269500000035,111.0258789999998,99.48730499999965,118.84619099999964,113.84619099999964,114.87158199999976,111.53857400000015,95.25634799999989,32.94873000000007,124.61523400000078
318,108.84619099999964,-46.92309599999999,101.6665039999998,125.25634799999989,50.51269500000035,106.79492200000004,98.9741210000002,118.84619099999964,115.0,100.51269500000035,113.20507799999996,94.10253900000043,35.0,123.0771479999994
319,112.69238299999961,-49.61547900000005,102.05126999999993,131.53857400000015,45.64111300000059,104.35888699999941,98.7177729999994,116.15380900000036,115.64111300000059,92.56396500000028,113.7177729999994,94.10253900000043,36.153809000000365,121.9228520000006
320,115.76904300000024,-46.53857400000015,103.46142599999985,138.20507799999996,53.589844000000085,103.84619099999964,99.74365200000011,113.84619099999964,116.2822270000006,98.7177729999994,113.7177729999994,95.64111300000059,36.666503999999804,123.0771479999994
321,116.79492200000004,-38.33325200000036,103.84619099999964,139.23095699999976,67.94873000000007,104.35888699999941,101.15380900000036,114.48730499999965,117.30761700000039,115.76904300000024,114.48730499999965,97.69238299999961,36.79492200000004,126.0258789999998
322,116.53857400000015,-28.461425999999847,102.69238299999961,135.0,79.10253900000043,104.87158199999976,102.05126999999993,117.43603499999972,118.84619099999964,132.05126999999993,117.05126999999993,99.10253900000043,36.9228520000006,129.10253900000043
323,116.9228520000006,-21.538574000000153,100.64111300000059,131.15380900000036,82.17968800000017,104.74365200000011,101.9228520000006,120.64111300000059,120.38476599999922,136.2822270000006,121.15380900000036,98.7177729999994,38.20507799999996,131.6665039999998
324,118.7177729999994,-20.1281740000004,98.7177729999994,131.79492200000004,77.05126999999993,103.7177729999994,101.41015599999992,121.53857400000015,120.25634799999989,124.61523400000078,123.9741210000002,96.2822270000006,40.76904300000024,133.0771479999994
325,119.74365200000011,-25.1281740000004,96.79492200000004,134.48730499999965,66.79492200000004,102.05126999999993,100.89746099999957,118.7177729999994,116.9228520000006,103.7177729999994,122.05126999999993,92.56396500000028,42.30761700000039,132.43603499999972
326,117.17968800000017,-33.846190999999635,94.35888699999941,133.9741210000002,56.666503999999804,101.2822270000006,99.74365200000011,112.69238299999961,110.12841800000024,86.15380900000036,114.48730499999965,89.48730499999965,40.25634799999989,129.3588869999994
327,110.51269500000035,-42.564209000000574,91.6665039999998,128.58984400000008,51.666503999999804,102.05126999999993,97.30761700000039,105.64111300000059,102.17968800000017,81.41015599999992,104.48730499999965,89.23095699999976,34.102539000000434,124.48730499999965
328,102.56396500000028,-48.07690400000001,89.74365200000011,122.94873000000007,53.7177729999994,103.46142599999985,93.58984400000008,98.9741210000002,96.15380900000036,88.46142599999985,97.30761700000039,92.05126999999993,25.769043000000238,119.35888699999941
329,96.79492200000004,-49.48706099999981,88.58984400000008,122.56396500000028,60.0,103.7177729999994,89.87158199999976,93.20507799999996,92.69238299999961,97.17968800000017,96.0258789999998,95.64111300000059,18.974121000000196,115.12841800000024
330,95.76904300000024,-46.92309599999999,88.3334960000002,129.23095699999976,65.89746099999957,101.79492200000004,87.94873000000007,88.46142599999985,90.89746099999957,98.7177729999994,99.10253900000043,98.0771479999994,16.666503999999804,113.46142599999985
331,100.0,-39.8718259999996,90.0,140.2563479999999,69.61523400000078,99.23095699999976,89.23095699999976,87.05126999999993,91.0258789999998,94.35888699999941,103.7177729999994,98.9741210000002,21.025878999999804,116.41015599999992
332,108.9741210000002,-28.076904000000013,94.48730499999965,150.38476599999922,73.0771479999994,98.3334960000002,93.7177729999994,91.79492200000004,95.64111300000059,92.94873000000007,108.9741210000002,99.87158199999976,31.922852000000603,125.12841800000024
333,119.48730499999965,-13.974365000000034,100.38476599999922,155.38476599999922,77.17968800000017,99.74365200000011,99.74365200000011,102.17968800000017,105.64111300000059,100.0,115.0,101.2822270000006,45.25634799999989,137.6923829999996
334,126.6665039999998,-3.846190999999635,103.7177729999994,153.3334960000002,79.23095699999976,101.6665039999998,104.23095699999976,113.3334960000002,117.17968800000017,111.6665039999998,120.64111300000059,102.30761700000039,54.48730499999965,148.0771479999994
335,126.79492200000004,-2.8203119999998307,101.79492200000004,146.2822270000006,76.0258789999998,101.41015599999992,105.12841800000024,118.84619099999964,123.9741210000002,119.48730499999965,123.46142599999985,101.15380900000036,54.74365200000011,150.2563479999999
336,120.51269500000035,-10.1281740000004,96.15380900000036,139.61523400000078,68.84619099999964,98.84619099999964,102.56396500000028,116.2822270000006,122.43603499999972,119.10253900000043,121.9228520000006,98.0771479999994,47.56396500000028,144.10253900000043
337,112.69238299999961,-18.974365000000034,90.76904300000024,137.17968800000017,63.7177729999994,96.15380900000036,98.7177729999994,108.46142599999985,114.48730499999965,112.82031300000017,116.79492200000004,94.61523400000078,39.35888699999941,135.2563479999999
338,107.94873000000007,-23.205077999999958,88.3334960000002,138.9741210000002,65.25634799999989,95.51269500000035,96.15380900000036,100.64111300000059,105.64111300000059,106.0258789999998,110.25634799999989,92.69238299999961,35.76904300000024,129.7436520000001
339,106.9228520000006,-22.179442999999992,88.84619099999964,141.53857400000015,72.05126999999993,97.69238299999961,95.89746099999957,96.53857400000015,100.51269500000035,103.0771479999994,103.9741210000002,92.82031300000017,36.9228520000006,128.58984400000008
340,107.43603499999972,-19.358886999999868,90.25634799999989,141.9228520000006,79.61523400000078,101.41015599999992,97.05126999999993,96.79492200000004,100.38476599999922,105.25634799999989,99.87158199999976,94.23095699999976,39.23095699999976,128.84619099999964
341,107.56396500000028,-18.461425999999847,91.2822270000006,140.89746099999957,84.87158199999976,104.35888699999941,98.58984400000008,100.51269500000035,104.10253900000043,111.79492200000004,99.74365200000011,95.25634799999989,39.87158199999976,127.82031300000017
342,106.9228520000006,-19.230713000000378,92.17968800000017,141.0258789999998,87.56396500000028,104.48730499999965,99.61523400000078,106.0258789999998,108.9741210000002,118.84619099999964,104.10253900000043,95.0,39.35888699999941,125.64111300000059
343,105.51269500000035,-19.74365200000011,92.94873000000007,143.46142599999985,86.79492200000004,101.6665039999998,100.0,111.79492200000004,112.56396500000028,121.15380900000036,110.12841800000024,93.46142599999985,40.0,123.9741210000002
344,103.20507799999996,-18.461425999999847,93.0771479999994,146.2822270000006,80.25634799999989,98.58984400000008,99.61523400000078,116.15380900000036,114.23095699999976,115.64111300000059,113.58984400000008,91.41015599999992,42.94873000000007,124.23095699999976
345,100.38476599999922,-15.256347999999889,92.05126999999993,147.05126999999993,66.79492200000004,98.58984400000008,98.20507799999996,117.69238299999961,114.35888699999941,106.0258789999998,112.17968800000017,90.38476599999922,46.666503999999804,126.15380900000036
346,98.9741210000002,-10.769286999999622,90.12841800000024,145.6411130000006,51.9228520000006,103.0771479999994,96.53857400000015,116.9228520000006,115.0,99.61523400000078,107.30761700000039,91.15380900000036,49.23095699999976,128.84619099999964
347,101.2822270000006,-5.897461000000021,88.84619099999964,144.48730499999965,45.64111300000059,110.38476599999922,96.79492200000004,115.25634799999989,116.6665039999998,100.64111300000059,103.0771479999994,93.46142599999985,49.23095699999976,131.41015599999992
348,106.41015599999992,-2.3076170000003913,89.23095699999976,145.38476599999922,55.76904300000024,116.53857400000015,100.12841800000024,114.61523400000078,117.82031300000017,106.0258789999998,102.43603499999972,95.89746099999957,47.05126999999993,132.43603499999972
349,111.15380900000036,-1.6665039999998044,90.25634799999989,147.3076170000004,79.35888699999941,117.94873000000007,104.48730499999965,115.76904300000024,115.89746099999957,108.7177729999994,105.0,96.79492200000004,44.23095699999976,130.89746099999957
350,111.6665039999998,-4.743652000000111,89.74365200000011,147.6923829999996,101.53857400000015,113.20507799999996,105.76904300000024,117.30761700000039,110.12841800000024,104.48730499999965,106.9228520000006,94.74365200000011,42.30761700000039,126.79492200000004
351,106.41015599999992,-11.666747999999643,86.53857400000015,145.0,104.10253900000043,104.61523400000078,101.79492200000004,116.53857400000015,102.05126999999993,95.38476599999922,104.61523400000078,90.0,40.897460999999566,120.64111300000059
352,96.9228520000006,-20.512939000000188,81.53857400000015,139.23095699999976,81.6665039999998,96.6665039999998,94.10253900000043,110.76904300000024,93.9741210000002,86.6665039999998,97.17968800000017,84.48730499999965,37.82031300000017,113.7177729999994
353,87.56396500000028,-27.948729999999614,78.20507799999996,132.05126999999993,48.974121000000196,93.58984400000008,87.43603499999972,101.53857400000015,88.7177729999994,82.82031300000017,88.20507799999996,81.53857400000015,32.56396500000028,108.20507799999996
354,84.87158199999976,-29.74365200000011,80.12841800000024,126.79492200000004,31.538574000000153,97.43603499999972,86.2822270000006,94.48730499999965,88.9741210000002,86.6665039999998,84.10253900000043,83.20507799999996,29.102539000000434,107.69238299999961
355,92.56396500000028,-23.461425999999847,87.94873000000007,126.2822270000006,44.61523400000078,106.9228520000006,92.17968800000017,95.51269500000035,95.89746099999957,97.56396500000028,89.48730499999965,89.74365200000011,32.56396500000028,114.48730499999965
356,107.17968800000017,-11.923095999999987,97.69238299999961,130.12841800000024,78.0771479999994,117.69238299999961,101.41015599999992,104.48730499999965,105.76904300000024,110.12841800000024,101.6665039999998,97.69238299999961,43.0771479999994,125.89746099999957
357,119.35888699999941,-2.5639650000002803,102.56396500000028,133.58984400000008,103.58984400000008,124.23095699999976,108.20507799999996,114.48730499999965,111.53857400000015,115.64111300000059,111.6665039999998,101.9228520000006,54.74365200000011,134.87158199999976
358,121.53857400000015,-1.6665039999998044,98.7177729999994,133.20507799999996,100.38476599999922,123.0771479999994,108.3334960000002,117.43603499999972,107.94873000000007,110.0,111.2822270000006,98.9741210000002,59.35888699999941,135.2563479999999
359,114.48730499999965,-7.692382999999609,89.23095699999976,130.2563479999999,73.0771479999994,115.76904300000024,102.94873000000007,111.6665039999998,97.69238299999961,97.94873000000007,100.89746099999957,90.89746099999957,54.74365200000011,127.94873000000007
360,106.15380900000036,-12.692382999999609,81.0258789999998,128.9741210000002,46.53857400000015,107.17968800000017,97.05126999999993,102.43603499999972,89.35888699999941,89.74365200000011,89.87158199999976,83.58984400000008,46.666503999999804,120.0
361,104.10253900000043,-10.512939000000188,79.48730499999965,131.53857400000015,41.53857400000015,102.43603499999972,95.12841800000024,96.41015599999992,89.48730499999965,90.51269500000035,88.0771479999994,81.79492200000004,42.43603499999972,118.20507799999996
362,109.61523400000078,-2.5639650000002803,83.84619099999964,135.89746099999957,57.94873000000007,103.46142599999985,97.43603499999972,96.2822270000006,96.9228520000006,96.53857400000015,96.79492200000004,85.25634799999989,44.87158199999976,123.46142599999985
363,117.94873000000007,4.487304999999651,90.25634799999989,138.46142599999985,78.46142599999985,108.46142599999985,100.64111300000059,100.0,105.51269500000035,100.38476599999922,110.0,90.38476599999922,50.897460999999566,131.2822270000006
364,123.84619099999964,5.769043000000238,94.74365200000011,138.9741210000002,86.41015599999992,113.7177729999994,102.05126999999993,103.9741210000002,110.25634799999989,100.25634799999989,119.74365200000011,93.84619099999964,56.025878999999804,136.79492200000004
365,125.51269500000035,2.0512699999999313,96.2822270000006,138.84619099999964,79.48730499999965,116.9228520000006,101.2822270000006,106.53857400000015,110.12841800000024,100.25634799999989,121.53857400000015,94.48730499999965,57.94873000000007,137.56396500000028
366,123.84619099999964,-3.077147999999397,95.25634799999989,138.9741210000002,68.46142599999985,117.69238299999961,99.74365200000011,107.56396500000028,107.30761700000039,104.10253900000043,116.0258789999998,93.3334960000002,56.53857400000015,134.23095699999976
367,119.61523400000078,-6.666747999999643,92.43603499999972,137.05126999999993,64.48730499999965,117.05126999999993,98.46142599999985,106.79492200000004,103.58984400000008,110.38476599999922,106.9228520000006,91.53857400000015,52.56396500000028,128.46142599999985
368,113.58984400000008,-7.820557000000008,88.84619099999964,130.89746099999957,69.10253900000043,116.0258789999998,97.17968800000017,104.35888699999941,100.38476599999922,113.7177729999994,98.58984400000008,90.38476599999922,47.43603499999972,122.30761700000039
369,106.9228520000006,-7.692382999999609,86.15380900000036,121.2822270000006,74.35888699999941,114.48730499999965,95.51269500000035,101.15380900000036,99.10253900000043,111.0258789999998,93.84619099999964,90.38476599999922,42.82031300000017,117.43603499999972
370,102.05126999999993,-7.948729999999614,85.25634799999989,113.0771479999994,72.69238299999961,111.41015599999992,94.10253900000043,98.9741210000002,101.53857400000015,104.35888699999941,93.3334960000002,90.25634799999989,40.12841800000024,115.38476599999922
371,100.51269500000035,-9.61547900000005,86.53857400000015,111.9228520000006,64.74365200000011,107.05126999999993,93.9741210000002,98.9741210000002,106.6665039999998,98.84619099999964,95.76904300000024,89.35888699999941,39.87158199999976,116.2822270000006
372,102.82031300000017,-11.794922000000042,88.84619099999964,118.7177729999994,58.333496000000196,102.69238299999961,95.64111300000059,101.79492200000004,111.79492200000004,98.3334960000002,99.35888699999941,88.3334960000002,42.30761700000039,119.48730499999965
373,107.69238299999961,-12.564209000000574,90.89746099999957,128.84619099999964,58.589844000000085,100.25634799999989,98.20507799999996,106.53857400000015,113.58984400000008,103.84619099999964,103.20507799999996,88.9741210000002,46.79492200000004,123.3334960000002
374,113.0771479999994,-9.8718259999996,91.9228520000006,135.2563479999999,62.82031300000017,100.64111300000059,100.38476599999922,111.53857400000015,111.2822270000006,112.17968800000017,106.79492200000004,91.79492200000004,51.2822270000006,126.41015599999992
375,117.05126999999993,-3.9741210000001956,91.9228520000006,134.48730499999965,65.12841800000024,103.3334960000002,101.2822270000006,115.25634799999989,107.56396500000028,118.84619099999964,110.38476599999922,95.51269500000035,53.974121000000196,128.58984400000008
376,118.58984400000008,3.2050779999999577,92.17968800000017,127.56396500000028,63.846190999999635,106.9228520000006,101.2822270000006,117.56396500000028,106.15380900000036,120.12841800000024,113.7177729999994,98.46142599999985,54.35888699999941,130.51269500000035
377,118.9741210000002,9.230956999999762,93.0771479999994,119.48730499999965,64.23095699999976,109.74365200000011,101.15380900000036,119.10253900000043,109.35888699999941,117.94873000000007,116.41015599999992,99.87158199999976,54.102539000000434,132.82031300000017
378,118.9741210000002,11.794922000000042,93.3334960000002,114.74365200000011,70.64111300000059,109.87158199999976,101.6665039999998,120.0,116.15380900000036,116.79492200000004,117.56396500000028,100.12841800000024,55.0,134.3588869999994
379,117.56396500000028,8.974121000000196,91.15380900000036,114.35888699999941,80.12841800000024,107.05126999999993,102.05126999999993,118.9741210000002,121.0258789999998,118.58984400000008,115.76904300000024,99.61523400000078,56.025878999999804,132.82031300000017
380,112.30761700000039,0.256347999999889,86.0258789999998,114.61523400000078,83.58984400000008,102.30761700000039,101.53857400000015,113.9741210000002,118.0771479999994,119.74365200000011,109.87158199999976,98.7177729999994,54.23095699999976,126.41015599999992
381,103.9741210000002,-11.025634999999966,80.64111300000059,110.0,76.53857400000015,98.7177729999994,100.12841800000024,105.76904300000024,106.6665039999998,114.48730499999965,101.15380900000036,97.94873000000007,48.589844000000085,117.17968800000017
382,98.84619099999964,-17.69238299999961,79.87158199999976,100.25634799999989,66.6665039999998,99.35888699999941,99.35888699999941,99.23095699999976,94.35888699999941,103.58984400000008,94.74365200000011,97.69238299999961,42.30761700000039,112.17968800000017
383,103.84619099999964,-12.307617000000391,86.53857400000015,91.9228520000006,67.82031300000017,105.51269500000035,101.0258789999998,100.51269500000035,92.30761700000039,95.76904300000024,97.05126999999993,98.3334960000002,41.666503999999804,117.69238299999961
